# grid coordinates
# format: map reflevel region mglevel   bounding-box
iteration 0
maps 1
0 mglevels 1
0 0 reflevels 1
0 0 0 regions 1
0 0 0 0   ([-54,-432,-54]:[432,432,432]:[18,18,18]/[0,0,0]:[0,0,0]/[28,49,28]/38416)

iteration 0
maps 1
0 mglevels 1
0 0 reflevels 7
0 0 0 regions 1
0 0 0 0   ([-54,-432,-54]:[432,432,432]:[18,18,18]/[0,0,0]:[0,0,0]/[28,49,28]/38416)
0 0 1 regions 1
0 0 1 0   ([-27,-333,-27]:[333,333,333]:[9,9,9]/[0,0,0]:[0,0,0]/[41,75,41]/126075)
0 0 2 regions 1
0 0 2 0   ([-13.5,-166.5,-13.5]:[175.5,166.5,166.5]:[4.5,4.5,4.5]/[0,0,0]:[0,0,0]/[43,75,41]/132225)
0 0 3 regions 1
0 0 3 0   ([-6.75,-83.25,-6.75]:[96.75,83.25,83.25]:[2.25,2.25,2.25]/[0,0,0]:[0,0,0]/[47,75,41]/144525)
0 0 4 regions 1
0 0 4 0   ([-3.375,-43.875,-3.375]:[59.625,43.875,43.875]:[1.125,1.125,1.125]/[0,0,0]:[0,0,0]/[57,79,43]/193629)
0 0 5 regions 1
0 0 5 0   ([-1.6875,-25.3125,-1.6875]:[39.9375,25.3125,25.3125]:[0.5625,0.5625,0.5625]/[0,0,0]:[0,0,0]/[75,91,49]/334425)
0 0 6 regions 1
0 0 6 0   ([-0.84375,-15.46875,-0.84375]:[30.65625,15.46875,15.46875]:[0.28125,0.28125,0.28125]/[0,0,0]:[0,0,0]/[113,111,59]/740037)

iteration 97
maps 1
0 mglevels 1
0 0 reflevels 7
0 0 0 regions 1
0 0 0 0   ([-54,-432,-54]:[432,432,432]:[18,18,18]/[0,0,0]:[0,0,0]/[28,49,28]/38416)
0 0 1 regions 1
0 0 1 0   ([-27,-333,-27]:[333,333,333]:[9,9,9]/[0,0,0]:[0,0,0]/[41,75,41]/126075)
0 0 2 regions 1
0 0 2 0   ([-13.5,-166.5,-13.5]:[175.5,166.5,166.5]:[4.5,4.5,4.5]/[0,0,0]:[0,0,0]/[43,75,41]/132225)
0 0 3 regions 1
0 0 3 0   ([-6.75,-83.25,-6.75]:[96.75,83.25,83.25]:[2.25,2.25,2.25]/[0,0,0]:[0,0,0]/[47,75,41]/144525)
0 0 4 regions 1
0 0 4 0   ([-3.375,-43.875,-3.375]:[59.625,43.875,43.875]:[1.125,1.125,1.125]/[0,0,0]:[0,0,0]/[57,79,43]/193629)
0 0 5 regions 1
0 0 5 0   ([-1.6875,-25.3125,-1.6875]:[39.9375,25.3125,25.3125]:[0.5625,0.5625,0.5625]/[0,0,0]:[0,0,0]/[75,91,49]/334425)
0 0 6 regions 1
0 0 6 0   ([-0.84375,-16.03125,-0.84375]:[30.65625,16.03125,15.46875]:[0.28125,0.28125,0.28125]/[0,0,0]:[0,0,0]/[113,115,59]/766705)

iteration 273
maps 1
0 mglevels 1
0 0 reflevels 7
0 0 0 regions 1
0 0 0 0   ([-54,-432,-54]:[432,432,432]:[18,18,18]/[0,0,0]:[0,0,0]/[28,49,28]/38416)
0 0 1 regions 1
0 0 1 0   ([-27,-333,-27]:[333,333,333]:[9,9,9]/[0,0,0]:[0,0,0]/[41,75,41]/126075)
0 0 2 regions 1
0 0 2 0   ([-13.5,-166.5,-13.5]:[175.5,166.5,166.5]:[4.5,4.5,4.5]/[0,0,0]:[0,0,0]/[43,75,41]/132225)
0 0 3 regions 1
0 0 3 0   ([-6.75,-83.25,-6.75]:[96.75,83.25,83.25]:[2.25,2.25,2.25]/[0,0,0]:[0,0,0]/[47,75,41]/144525)
0 0 4 regions 1
0 0 4 0   ([-3.375,-43.875,-3.375]:[59.625,43.875,43.875]:[1.125,1.125,1.125]/[0,0,0]:[0,0,0]/[57,79,43]/193629)
0 0 5 regions 1
0 0 5 0   ([-1.6875,-25.3125,-1.6875]:[39.9375,25.3125,25.3125]:[0.5625,0.5625,0.5625]/[0,0,0]:[0,0,0]/[75,91,49]/334425)
0 0 6 regions 1
0 0 6 0   ([-0.84375,-16.03125,-0.84375]:[30.65625,16.03125,15.46875]:[0.28125,0.28125,0.28125]/[0,0,0]:[0,0,0]/[113,115,59]/766705)

iteration 361
maps 1
0 mglevels 1
0 0 reflevels 7
0 0 0 regions 1
0 0 0 0   ([-54,-432,-54]:[432,432,432]:[18,18,18]/[0,0,0]:[0,0,0]/[28,49,28]/38416)
0 0 1 regions 1
0 0 1 0   ([-27,-333,-27]:[333,333,333]:[9,9,9]/[0,0,0]:[0,0,0]/[41,75,41]/126075)
0 0 2 regions 1
0 0 2 0   ([-13.5,-166.5,-13.5]:[175.5,166.5,166.5]:[4.5,4.5,4.5]/[0,0,0]:[0,0,0]/[43,75,41]/132225)
0 0 3 regions 1
0 0 3 0   ([-6.75,-83.25,-6.75]:[96.75,83.25,83.25]:[2.25,2.25,2.25]/[0,0,0]:[0,0,0]/[47,75,41]/144525)
0 0 4 regions 1
0 0 4 0   ([-3.375,-43.875,-3.375]:[59.625,43.875,43.875]:[1.125,1.125,1.125]/[0,0,0]:[0,0,0]/[57,79,43]/193629)
0 0 5 regions 1
0 0 5 0   ([-1.6875,-25.3125,-1.6875]:[39.9375,25.3125,25.3125]:[0.5625,0.5625,0.5625]/[0,0,0]:[0,0,0]/[75,91,49]/334425)
0 0 6 regions 1
0 0 6 0   ([-0.84375,-16.59375,-0.84375]:[30.65625,16.59375,15.46875]:[0.28125,0.28125,0.28125]/[0,0,0]:[0,0,0]/[113,119,59]/793373)

iteration 501
maps 1
0 mglevels 1
0 0 reflevels 7
0 0 0 regions 1
0 0 0 0   ([-54,-432,-54]:[432,432,432]:[18,18,18]/[0,0,0]:[0,0,0]/[28,49,28]/38416)
0 0 1 regions 1
0 0 1 0   ([-27,-333,-27]:[333,333,333]:[9,9,9]/[0,0,0]:[0,0,0]/[41,75,41]/126075)
0 0 2 regions 1
0 0 2 0   ([-13.5,-166.5,-13.5]:[175.5,166.5,166.5]:[4.5,4.5,4.5]/[0,0,0]:[0,0,0]/[43,75,41]/132225)
0 0 3 regions 1
0 0 3 0   ([-6.75,-83.25,-6.75]:[96.75,83.25,83.25]:[2.25,2.25,2.25]/[0,0,0]:[0,0,0]/[47,75,41]/144525)
0 0 4 regions 1
0 0 4 0   ([-3.375,-43.875,-3.375]:[59.625,43.875,43.875]:[1.125,1.125,1.125]/[0,0,0]:[0,0,0]/[57,79,43]/193629)
0 0 5 regions 1
0 0 5 0   ([-1.6875,-25.3125,-1.6875]:[39.9375,25.3125,25.3125]:[0.5625,0.5625,0.5625]/[0,0,0]:[0,0,0]/[75,91,49]/334425)
0 0 6 regions 1
0 0 6 0   ([-0.84375,-16.59375,-0.84375]:[30.65625,16.59375,15.46875]:[0.28125,0.28125,0.28125]/[0,0,0]:[0,0,0]/[113,119,59]/793373)

iteration 649
maps 1
0 mglevels 1
0 0 reflevels 7
0 0 0 regions 1
0 0 0 0   ([-54,-432,-54]:[432,432,432]:[18,18,18]/[0,0,0]:[0,0,0]/[28,49,28]/38416)
0 0 1 regions 1
0 0 1 0   ([-27,-333,-27]:[333,333,333]:[9,9,9]/[0,0,0]:[0,0,0]/[41,75,41]/126075)
0 0 2 regions 1
0 0 2 0   ([-13.5,-166.5,-13.5]:[175.5,166.5,166.5]:[4.5,4.5,4.5]/[0,0,0]:[0,0,0]/[43,75,41]/132225)
0 0 3 regions 1
0 0 3 0   ([-6.75,-83.25,-6.75]:[96.75,83.25,83.25]:[2.25,2.25,2.25]/[0,0,0]:[0,0,0]/[47,75,41]/144525)
0 0 4 regions 1
0 0 4 0   ([-3.375,-43.875,-3.375]:[59.625,43.875,43.875]:[1.125,1.125,1.125]/[0,0,0]:[0,0,0]/[57,79,43]/193629)
0 0 5 regions 1
0 0 5 0   ([-1.6875,-25.3125,-1.6875]:[39.9375,25.3125,25.3125]:[0.5625,0.5625,0.5625]/[0,0,0]:[0,0,0]/[75,91,49]/334425)
0 0 6 regions 1
0 0 6 0   ([-0.84375,-17.15625,-0.84375]:[30.65625,17.15625,15.46875]:[0.28125,0.28125,0.28125]/[0,0,0]:[0,0,0]/[113,123,59]/820041)

iteration 733
maps 1
0 mglevels 1
0 0 reflevels 7
0 0 0 regions 1
0 0 0 0   ([-54,-432,-54]:[432,432,432]:[18,18,18]/[0,0,0]:[0,0,0]/[28,49,28]/38416)
0 0 1 regions 1
0 0 1 0   ([-27,-333,-27]:[333,333,333]:[9,9,9]/[0,0,0]:[0,0,0]/[41,75,41]/126075)
0 0 2 regions 1
0 0 2 0   ([-13.5,-166.5,-13.5]:[175.5,166.5,166.5]:[4.5,4.5,4.5]/[0,0,0]:[0,0,0]/[43,75,41]/132225)
0 0 3 regions 1
0 0 3 0   ([-6.75,-83.25,-6.75]:[96.75,83.25,83.25]:[2.25,2.25,2.25]/[0,0,0]:[0,0,0]/[47,75,41]/144525)
0 0 4 regions 1
0 0 4 0   ([-3.375,-43.875,-3.375]:[59.625,43.875,43.875]:[1.125,1.125,1.125]/[0,0,0]:[0,0,0]/[57,79,43]/193629)
0 0 5 regions 1
0 0 5 0   ([-1.6875,-25.3125,-1.6875]:[39.9375,25.3125,25.3125]:[0.5625,0.5625,0.5625]/[0,0,0]:[0,0,0]/[75,91,49]/334425)
0 0 6 regions 1
0 0 6 0   ([-0.84375,-17.15625,-0.84375]:[30.65625,17.15625,15.46875]:[0.28125,0.28125,0.28125]/[0,0,0]:[0,0,0]/[113,123,59]/820041)

iteration 865
maps 1
0 mglevels 1
0 0 reflevels 7
0 0 0 regions 1
0 0 0 0   ([-54,-432,-54]:[432,432,432]:[18,18,18]/[0,0,0]:[0,0,0]/[28,49,28]/38416)
0 0 1 regions 1
0 0 1 0   ([-27,-333,-27]:[333,333,333]:[9,9,9]/[0,0,0]:[0,0,0]/[41,75,41]/126075)
0 0 2 regions 1
0 0 2 0   ([-13.5,-166.5,-13.5]:[175.5,166.5,166.5]:[4.5,4.5,4.5]/[0,0,0]:[0,0,0]/[43,75,41]/132225)
0 0 3 regions 1
0 0 3 0   ([-6.75,-83.25,-6.75]:[96.75,83.25,83.25]:[2.25,2.25,2.25]/[0,0,0]:[0,0,0]/[47,75,41]/144525)
0 0 4 regions 1
0 0 4 0   ([-3.375,-46.125,-3.375]:[59.625,46.125,43.875]:[1.125,1.125,1.125]/[0,0,0]:[0,0,0]/[57,83,43]/203433)
0 0 5 regions 1
0 0 5 0   ([-1.6875,-27.5625,-1.6875]:[39.9375,27.5625,25.3125]:[0.5625,0.5625,0.5625]/[0,0,0]:[0,0,0]/[75,99,49]/363825)
0 0 6 regions 2
0 0 6 0   ([-0.84375,-17.71875,-0.84375]:[0.84375,-14.0625,15.46875]:[0.28125,0.28125,0.28125]/[0,0,0]:[0,0,0]/[7,14,59]/5782)
0 0 6 1   ([-0.84375,-13.78125,-0.84375]:[30.65625,17.71875,15.46875]:[0.28125,0.28125,0.28125]/[0,0,0]:[0,0,0]/[113,113,59]/753371)

iteration 889
maps 1
0 mglevels 1
0 0 reflevels 7
0 0 0 regions 1
0 0 0 0   ([-54,-432,-54]:[432,432,432]:[18,18,18]/[0,0,0]:[0,0,0]/[28,49,28]/38416)
0 0 1 regions 1
0 0 1 0   ([-27,-333,-27]:[333,333,333]:[9,9,9]/[0,0,0]:[0,0,0]/[41,75,41]/126075)
0 0 2 regions 1
0 0 2 0   ([-13.5,-166.5,-13.5]:[175.5,166.5,166.5]:[4.5,4.5,4.5]/[0,0,0]:[0,0,0]/[43,75,41]/132225)
0 0 3 regions 1
0 0 3 0   ([-6.75,-83.25,-6.75]:[96.75,83.25,83.25]:[2.25,2.25,2.25]/[0,0,0]:[0,0,0]/[47,75,41]/144525)
0 0 4 regions 1
0 0 4 0   ([-3.375,-46.125,-3.375]:[59.625,46.125,43.875]:[1.125,1.125,1.125]/[0,0,0]:[0,0,0]/[57,83,43]/203433)
0 0 5 regions 1
0 0 5 0   ([-1.6875,-27.5625,-1.6875]:[39.9375,27.5625,25.3125]:[0.5625,0.5625,0.5625]/[0,0,0]:[0,0,0]/[75,99,49]/363825)
0 0 6 regions 2
0 0 6 0   ([-0.84375,-17.71875,-0.84375]:[0.84375,-14.0625,15.46875]:[0.28125,0.28125,0.28125]/[0,0,0]:[0,0,0]/[7,14,59]/5782)
0 0 6 1   ([-0.84375,-13.78125,-0.84375]:[30.65625,17.71875,15.46875]:[0.28125,0.28125,0.28125]/[0,0,0]:[0,0,0]/[113,113,59]/753371)

iteration 969
maps 1
0 mglevels 1
0 0 reflevels 7
0 0 0 regions 1
0 0 0 0   ([-54,-432,-54]:[432,432,432]:[18,18,18]/[0,0,0]:[0,0,0]/[28,49,28]/38416)
0 0 1 regions 1
0 0 1 0   ([-27,-333,-27]:[333,333,333]:[9,9,9]/[0,0,0]:[0,0,0]/[41,75,41]/126075)
0 0 2 regions 1
0 0 2 0   ([-13.5,-166.5,-13.5]:[175.5,166.5,166.5]:[4.5,4.5,4.5]/[0,0,0]:[0,0,0]/[43,75,41]/132225)
0 0 3 regions 1
0 0 3 0   ([-6.75,-83.25,-6.75]:[96.75,83.25,83.25]:[2.25,2.25,2.25]/[0,0,0]:[0,0,0]/[47,75,41]/144525)
0 0 4 regions 1
0 0 4 0   ([-3.375,-46.125,-3.375]:[59.625,46.125,43.875]:[1.125,1.125,1.125]/[0,0,0]:[0,0,0]/[57,83,43]/203433)
0 0 5 regions 1
0 0 5 0   ([-1.6875,-27.5625,-1.6875]:[39.9375,27.5625,25.3125]:[0.5625,0.5625,0.5625]/[0,0,0]:[0,0,0]/[75,99,49]/363825)
0 0 6 regions 2
0 0 6 0   ([-0.84375,-17.71875,-0.84375]:[0.84375,-13.5,15.46875]:[0.28125,0.28125,0.28125]/[0,0,0]:[0,0,0]/[7,16,59]/6608)
0 0 6 1   ([-0.84375,-13.21875,-0.84375]:[30.65625,17.71875,15.46875]:[0.28125,0.28125,0.28125]/[0,0,0]:[0,0,0]/[113,111,59]/740037)

iteration 1073
maps 1
0 mglevels 1
0 0 reflevels 7
0 0 0 regions 1
0 0 0 0   ([-54,-432,-54]:[432,432,432]:[18,18,18]/[0,0,0]:[0,0,0]/[28,49,28]/38416)
0 0 1 regions 1
0 0 1 0   ([-27,-333,-27]:[333,333,333]:[9,9,9]/[0,0,0]:[0,0,0]/[41,75,41]/126075)
0 0 2 regions 1
0 0 2 0   ([-13.5,-166.5,-13.5]:[175.5,166.5,166.5]:[4.5,4.5,4.5]/[0,0,0]:[0,0,0]/[43,75,41]/132225)
0 0 3 regions 1
0 0 3 0   ([-6.75,-83.25,-6.75]:[96.75,83.25,83.25]:[2.25,2.25,2.25]/[0,0,0]:[0,0,0]/[47,75,41]/144525)
0 0 4 regions 1
0 0 4 0   ([-3.375,-46.125,-3.375]:[59.625,46.125,43.875]:[1.125,1.125,1.125]/[0,0,0]:[0,0,0]/[57,83,43]/203433)
0 0 5 regions 1
0 0 5 0   ([-1.6875,-27.5625,-1.6875]:[39.9375,27.5625,25.3125]:[0.5625,0.5625,0.5625]/[0,0,0]:[0,0,0]/[75,99,49]/363825)
0 0 6 regions 2
0 0 6 0   ([-0.84375,-18.28125,-0.84375]:[0.84375,-13.5,15.46875]:[0.28125,0.28125,0.28125]/[0,0,0]:[0,0,0]/[7,18,59]/7434)
0 0 6 1   ([-0.84375,-13.21875,-0.84375]:[30.65625,18.28125,15.46875]:[0.28125,0.28125,0.28125]/[0,0,0]:[0,0,0]/[113,113,59]/753371)

iteration 1189
maps 1
0 mglevels 1
0 0 reflevels 7
0 0 0 regions 1
0 0 0 0   ([-54,-432,-54]:[432,432,432]:[18,18,18]/[0,0,0]:[0,0,0]/[28,49,28]/38416)
0 0 1 regions 1
0 0 1 0   ([-27,-333,-27]:[333,333,333]:[9,9,9]/[0,0,0]:[0,0,0]/[41,75,41]/126075)
0 0 2 regions 1
0 0 2 0   ([-13.5,-166.5,-13.5]:[175.5,166.5,166.5]:[4.5,4.5,4.5]/[0,0,0]:[0,0,0]/[43,75,41]/132225)
0 0 3 regions 1
0 0 3 0   ([-6.75,-83.25,-6.75]:[96.75,83.25,83.25]:[2.25,2.25,2.25]/[0,0,0]:[0,0,0]/[47,75,41]/144525)
0 0 4 regions 1
0 0 4 0   ([-3.375,-46.125,-3.375]:[59.625,46.125,43.875]:[1.125,1.125,1.125]/[0,0,0]:[0,0,0]/[57,83,43]/203433)
0 0 5 regions 1
0 0 5 0   ([-1.6875,-27.5625,-1.6875]:[39.9375,27.5625,25.3125]:[0.5625,0.5625,0.5625]/[0,0,0]:[0,0,0]/[75,99,49]/363825)
0 0 6 regions 2
0 0 6 0   ([-0.84375,-18.28125,-0.84375]:[0.84375,-13.5,15.46875]:[0.28125,0.28125,0.28125]/[0,0,0]:[0,0,0]/[7,18,59]/7434)
0 0 6 1   ([-0.84375,-13.21875,-0.84375]:[30.65625,18.28125,15.46875]:[0.28125,0.28125,0.28125]/[0,0,0]:[0,0,0]/[113,113,59]/753371)

iteration 1273
maps 1
0 mglevels 1
0 0 reflevels 7
0 0 0 regions 1
0 0 0 0   ([-54,-432,-54]:[432,432,432]:[18,18,18]/[0,0,0]:[0,0,0]/[28,49,28]/38416)
0 0 1 regions 1
0 0 1 0   ([-27,-333,-27]:[333,333,333]:[9,9,9]/[0,0,0]:[0,0,0]/[41,75,41]/126075)
0 0 2 regions 1
0 0 2 0   ([-13.5,-166.5,-13.5]:[175.5,166.5,166.5]:[4.5,4.5,4.5]/[0,0,0]:[0,0,0]/[43,75,41]/132225)
0 0 3 regions 1
0 0 3 0   ([-6.75,-83.25,-6.75]:[96.75,83.25,83.25]:[2.25,2.25,2.25]/[0,0,0]:[0,0,0]/[47,75,41]/144525)
0 0 4 regions 1
0 0 4 0   ([-3.375,-46.125,-3.375]:[59.625,46.125,43.875]:[1.125,1.125,1.125]/[0,0,0]:[0,0,0]/[57,83,43]/203433)
0 0 5 regions 1
0 0 5 0   ([-1.6875,-27.5625,-1.6875]:[39.9375,27.5625,25.3125]:[0.5625,0.5625,0.5625]/[0,0,0]:[0,0,0]/[75,99,49]/363825)
0 0 6 regions 2
0 0 6 0   ([-0.84375,-18.84375,-0.84375]:[0.84375,-12.9375,15.46875]:[0.28125,0.28125,0.28125]/[0,0,0]:[0,0,0]/[7,22,59]/9086)
0 0 6 1   ([-0.84375,-12.65625,-0.84375]:[30.65625,18.84375,15.46875]:[0.28125,0.28125,0.28125]/[0,0,0]:[0,0,0]/[113,113,59]/753371)

iteration 1353
maps 1
0 mglevels 1
0 0 reflevels 7
0 0 0 regions 1
0 0 0 0   ([-54,-432,-54]:[432,432,432]:[18,18,18]/[0,0,0]:[0,0,0]/[28,49,28]/38416)
0 0 1 regions 1
0 0 1 0   ([-27,-333,-27]:[333,333,333]:[9,9,9]/[0,0,0]:[0,0,0]/[41,75,41]/126075)
0 0 2 regions 1
0 0 2 0   ([-13.5,-166.5,-13.5]:[175.5,166.5,166.5]:[4.5,4.5,4.5]/[0,0,0]:[0,0,0]/[43,75,41]/132225)
0 0 3 regions 1
0 0 3 0   ([-6.75,-83.25,-6.75]:[96.75,83.25,83.25]:[2.25,2.25,2.25]/[0,0,0]:[0,0,0]/[47,75,41]/144525)
0 0 4 regions 1
0 0 4 0   ([-3.375,-46.125,-3.375]:[59.625,46.125,43.875]:[1.125,1.125,1.125]/[0,0,0]:[0,0,0]/[57,83,43]/203433)
0 0 5 regions 1
0 0 5 0   ([-1.6875,-27.5625,-1.6875]:[39.9375,27.5625,25.3125]:[0.5625,0.5625,0.5625]/[0,0,0]:[0,0,0]/[75,99,49]/363825)
0 0 6 regions 2
0 0 6 0   ([-0.84375,-18.84375,-0.84375]:[0.84375,-12.9375,15.46875]:[0.28125,0.28125,0.28125]/[0,0,0]:[0,0,0]/[7,22,59]/9086)
0 0 6 1   ([-0.84375,-12.65625,-0.84375]:[30.09375,18.84375,15.46875]:[0.28125,0.28125,0.28125]/[0,0,0]:[0,0,0]/[111,113,59]/740037)

iteration 1393
maps 1
0 mglevels 1
0 0 reflevels 7
0 0 0 regions 1
0 0 0 0   ([-54,-432,-54]:[432,432,432]:[18,18,18]/[0,0,0]:[0,0,0]/[28,49,28]/38416)
0 0 1 regions 1
0 0 1 0   ([-27,-333,-27]:[333,333,333]:[9,9,9]/[0,0,0]:[0,0,0]/[41,75,41]/126075)
0 0 2 regions 1
0 0 2 0   ([-13.5,-166.5,-13.5]:[175.5,166.5,166.5]:[4.5,4.5,4.5]/[0,0,0]:[0,0,0]/[43,75,41]/132225)
0 0 3 regions 1
0 0 3 0   ([-6.75,-83.25,-6.75]:[96.75,83.25,83.25]:[2.25,2.25,2.25]/[0,0,0]:[0,0,0]/[47,75,41]/144525)
0 0 4 regions 1
0 0 4 0   ([-3.375,-46.125,-3.375]:[59.625,46.125,43.875]:[1.125,1.125,1.125]/[0,0,0]:[0,0,0]/[57,83,43]/203433)
0 0 5 regions 1
0 0 5 0   ([-1.6875,-28.6875,-1.6875]:[39.9375,28.6875,25.3125]:[0.5625,0.5625,0.5625]/[0,0,0]:[0,0,0]/[75,103,49]/378525)
0 0 6 regions 2
0 0 6 0   ([-0.84375,-18.84375,-0.84375]:[0.84375,-12.375,15.46875]:[0.28125,0.28125,0.28125]/[0,0,0]:[0,0,0]/[7,24,59]/9912)
0 0 6 1   ([-0.84375,-12.09375,-0.84375]:[30.09375,18.84375,15.46875]:[0.28125,0.28125,0.28125]/[0,0,0]:[0,0,0]/[111,111,59]/726939)

iteration 1501
maps 1
0 mglevels 1
0 0 reflevels 7
0 0 0 regions 1
0 0 0 0   ([-54,-432,-54]:[432,432,432]:[18,18,18]/[0,0,0]:[0,0,0]/[28,49,28]/38416)
0 0 1 regions 1
0 0 1 0   ([-27,-333,-27]:[333,333,333]:[9,9,9]/[0,0,0]:[0,0,0]/[41,75,41]/126075)
0 0 2 regions 1
0 0 2 0   ([-13.5,-166.5,-13.5]:[175.5,166.5,166.5]:[4.5,4.5,4.5]/[0,0,0]:[0,0,0]/[43,75,41]/132225)
0 0 3 regions 1
0 0 3 0   ([-6.75,-83.25,-6.75]:[96.75,83.25,83.25]:[2.25,2.25,2.25]/[0,0,0]:[0,0,0]/[47,75,41]/144525)
0 0 4 regions 1
0 0 4 0   ([-3.375,-46.125,-3.375]:[59.625,46.125,43.875]:[1.125,1.125,1.125]/[0,0,0]:[0,0,0]/[57,83,43]/203433)
0 0 5 regions 1
0 0 5 0   ([-1.6875,-28.6875,-1.6875]:[39.9375,28.6875,25.3125]:[0.5625,0.5625,0.5625]/[0,0,0]:[0,0,0]/[75,103,49]/378525)
0 0 6 regions 2
0 0 6 0   ([-0.84375,-18.84375,-0.84375]:[0.84375,-12.375,15.46875]:[0.28125,0.28125,0.28125]/[0,0,0]:[0,0,0]/[7,24,59]/9912)
0 0 6 1   ([-0.84375,-12.09375,-0.84375]:[30.09375,18.84375,15.46875]:[0.28125,0.28125,0.28125]/[0,0,0]:[0,0,0]/[111,111,59]/726939)

iteration 1593
maps 1
0 mglevels 1
0 0 reflevels 7
0 0 0 regions 1
0 0 0 0   ([-54,-432,-54]:[432,432,432]:[18,18,18]/[0,0,0]:[0,0,0]/[28,49,28]/38416)
0 0 1 regions 1
0 0 1 0   ([-27,-333,-27]:[333,333,333]:[9,9,9]/[0,0,0]:[0,0,0]/[41,75,41]/126075)
0 0 2 regions 1
0 0 2 0   ([-13.5,-166.5,-13.5]:[175.5,166.5,166.5]:[4.5,4.5,4.5]/[0,0,0]:[0,0,0]/[43,75,41]/132225)
0 0 3 regions 1
0 0 3 0   ([-6.75,-83.25,-6.75]:[96.75,83.25,83.25]:[2.25,2.25,2.25]/[0,0,0]:[0,0,0]/[47,75,41]/144525)
0 0 4 regions 1
0 0 4 0   ([-3.375,-46.125,-3.375]:[59.625,46.125,43.875]:[1.125,1.125,1.125]/[0,0,0]:[0,0,0]/[57,83,43]/203433)
0 0 5 regions 1
0 0 5 0   ([-1.6875,-28.6875,-1.6875]:[39.9375,28.6875,25.3125]:[0.5625,0.5625,0.5625]/[0,0,0]:[0,0,0]/[75,103,49]/378525)
0 0 6 regions 2
0 0 6 0   ([-0.84375,-19.40625,-0.84375]:[0.84375,-11.8125,15.46875]:[0.28125,0.28125,0.28125]/[0,0,0]:[0,0,0]/[7,28,59]/11564)
0 0 6 1   ([-0.84375,-11.53125,-0.84375]:[30.09375,19.40625,15.46875]:[0.28125,0.28125,0.28125]/[0,0,0]:[0,0,0]/[111,111,59]/726939)

iteration 1681
maps 1
0 mglevels 1
0 0 reflevels 7
0 0 0 regions 1
0 0 0 0   ([-54,-432,-54]:[432,432,432]:[18,18,18]/[0,0,0]:[0,0,0]/[28,49,28]/38416)
0 0 1 regions 1
0 0 1 0   ([-27,-333,-27]:[333,333,333]:[9,9,9]/[0,0,0]:[0,0,0]/[41,75,41]/126075)
0 0 2 regions 1
0 0 2 0   ([-13.5,-166.5,-13.5]:[175.5,166.5,166.5]:[4.5,4.5,4.5]/[0,0,0]:[0,0,0]/[43,75,41]/132225)
0 0 3 regions 1
0 0 3 0   ([-6.75,-83.25,-6.75]:[96.75,83.25,83.25]:[2.25,2.25,2.25]/[0,0,0]:[0,0,0]/[47,75,41]/144525)
0 0 4 regions 1
0 0 4 0   ([-3.375,-46.125,-3.375]:[59.625,46.125,43.875]:[1.125,1.125,1.125]/[0,0,0]:[0,0,0]/[57,83,43]/203433)
0 0 5 regions 2
0 0 5 0   ([-1.6875,-29.8125,-1.6875]:[10.6875,-21.375,25.3125]:[0.5625,0.5625,0.5625]/[0,0,0]:[0,0,0]/[23,16,49]/18032)
0 0 5 1   ([-1.6875,-20.8125,-1.6875]:[39.9375,29.8125,25.3125]:[0.5625,0.5625,0.5625]/[0,0,0]:[0,0,0]/[75,91,49]/334425)
0 0 6 regions 2
0 0 6 0   ([-0.84375,-19.96875,-0.84375]:[1.40625,-11.8125,15.46875]:[0.28125,0.28125,0.28125]/[0,0,0]:[0,0,0]/[9,30,59]/15930)
0 0 6 1   ([-0.84375,-11.53125,-0.84375]:[30.09375,19.96875,15.46875]:[0.28125,0.28125,0.28125]/[0,0,0]:[0,0,0]/[111,113,59]/740037)

iteration 1801
maps 1
0 mglevels 1
0 0 reflevels 7
0 0 0 regions 1
0 0 0 0   ([-54,-432,-54]:[432,432,432]:[18,18,18]/[0,0,0]:[0,0,0]/[28,49,28]/38416)
0 0 1 regions 1
0 0 1 0   ([-27,-333,-27]:[333,333,333]:[9,9,9]/[0,0,0]:[0,0,0]/[41,75,41]/126075)
0 0 2 regions 1
0 0 2 0   ([-13.5,-166.5,-13.5]:[175.5,166.5,166.5]:[4.5,4.5,4.5]/[0,0,0]:[0,0,0]/[43,75,41]/132225)
0 0 3 regions 1
0 0 3 0   ([-6.75,-83.25,-6.75]:[96.75,83.25,83.25]:[2.25,2.25,2.25]/[0,0,0]:[0,0,0]/[47,75,41]/144525)
0 0 4 regions 1
0 0 4 0   ([-3.375,-46.125,-3.375]:[59.625,46.125,43.875]:[1.125,1.125,1.125]/[0,0,0]:[0,0,0]/[57,83,43]/203433)
0 0 5 regions 2
0 0 5 0   ([-1.6875,-29.8125,-1.6875]:[10.6875,-21.375,25.3125]:[0.5625,0.5625,0.5625]/[0,0,0]:[0,0,0]/[23,16,49]/18032)
0 0 5 1   ([-1.6875,-20.8125,-1.6875]:[39.9375,29.8125,25.3125]:[0.5625,0.5625,0.5625]/[0,0,0]:[0,0,0]/[75,91,49]/334425)
0 0 6 regions 2
0 0 6 0   ([-0.84375,-19.96875,-0.84375]:[1.40625,-11.25,15.46875]:[0.28125,0.28125,0.28125]/[0,0,0]:[0,0,0]/[9,32,59]/16992)
0 0 6 1   ([-0.84375,-10.96875,-0.84375]:[30.09375,19.96875,15.46875]:[0.28125,0.28125,0.28125]/[0,0,0]:[0,0,0]/[111,111,59]/726939)

iteration 1917
maps 1
0 mglevels 1
0 0 reflevels 7
0 0 0 regions 1
0 0 0 0   ([-54,-432,-54]:[432,432,432]:[18,18,18]/[0,0,0]:[0,0,0]/[28,49,28]/38416)
0 0 1 regions 1
0 0 1 0   ([-27,-333,-27]:[333,333,333]:[9,9,9]/[0,0,0]:[0,0,0]/[41,75,41]/126075)
0 0 2 regions 1
0 0 2 0   ([-13.5,-166.5,-13.5]:[175.5,166.5,166.5]:[4.5,4.5,4.5]/[0,0,0]:[0,0,0]/[43,75,41]/132225)
0 0 3 regions 1
0 0 3 0   ([-6.75,-83.25,-6.75]:[96.75,83.25,83.25]:[2.25,2.25,2.25]/[0,0,0]:[0,0,0]/[47,75,41]/144525)
0 0 4 regions 1
0 0 4 0   ([-3.375,-46.125,-3.375]:[59.625,46.125,43.875]:[1.125,1.125,1.125]/[0,0,0]:[0,0,0]/[57,83,43]/203433)
0 0 5 regions 2
0 0 5 0   ([-1.6875,-29.8125,-1.6875]:[10.6875,-21.375,25.3125]:[0.5625,0.5625,0.5625]/[0,0,0]:[0,0,0]/[23,16,49]/18032)
0 0 5 1   ([-1.6875,-20.8125,-1.6875]:[39.9375,29.8125,25.3125]:[0.5625,0.5625,0.5625]/[0,0,0]:[0,0,0]/[75,91,49]/334425)
0 0 6 regions 2
0 0 6 0   ([-0.84375,-19.96875,-0.84375]:[1.40625,-11.25,15.46875]:[0.28125,0.28125,0.28125]/[0,0,0]:[0,0,0]/[9,32,59]/16992)
0 0 6 1   ([-0.84375,-10.96875,-0.84375]:[30.09375,19.96875,15.46875]:[0.28125,0.28125,0.28125]/[0,0,0]:[0,0,0]/[111,111,59]/726939)

iteration 1941
maps 1
0 mglevels 1
0 0 reflevels 7
0 0 0 regions 1
0 0 0 0   ([-54,-432,-54]:[432,432,432]:[18,18,18]/[0,0,0]:[0,0,0]/[28,49,28]/38416)
0 0 1 regions 1
0 0 1 0   ([-27,-333,-27]:[333,333,333]:[9,9,9]/[0,0,0]:[0,0,0]/[41,75,41]/126075)
0 0 2 regions 1
0 0 2 0   ([-13.5,-166.5,-13.5]:[175.5,166.5,166.5]:[4.5,4.5,4.5]/[0,0,0]:[0,0,0]/[43,75,41]/132225)
0 0 3 regions 1
0 0 3 0   ([-6.75,-83.25,-6.75]:[96.75,83.25,83.25]:[2.25,2.25,2.25]/[0,0,0]:[0,0,0]/[47,75,41]/144525)
0 0 4 regions 1
0 0 4 0   ([-3.375,-46.125,-3.375]:[59.625,46.125,43.875]:[1.125,1.125,1.125]/[0,0,0]:[0,0,0]/[57,83,43]/203433)
0 0 5 regions 2
0 0 5 0   ([-1.6875,-29.8125,-1.6875]:[10.6875,-21.375,25.3125]:[0.5625,0.5625,0.5625]/[0,0,0]:[0,0,0]/[23,16,49]/18032)
0 0 5 1   ([-1.6875,-20.8125,-1.6875]:[39.9375,29.8125,25.3125]:[0.5625,0.5625,0.5625]/[0,0,0]:[0,0,0]/[75,91,49]/334425)
0 0 6 regions 2
0 0 6 0   ([-0.84375,-19.96875,-0.84375]:[1.40625,-11.25,15.46875]:[0.28125,0.28125,0.28125]/[0,0,0]:[0,0,0]/[9,32,59]/16992)
0 0 6 1   ([-0.84375,-10.96875,-0.84375]:[30.09375,19.96875,15.46875]:[0.28125,0.28125,0.28125]/[0,0,0]:[0,0,0]/[111,111,59]/726939)

iteration 2005
maps 1
0 mglevels 1
0 0 reflevels 7
0 0 0 regions 1
0 0 0 0   ([-54,-432,-54]:[432,432,432]:[18,18,18]/[0,0,0]:[0,0,0]/[28,49,28]/38416)
0 0 1 regions 1
0 0 1 0   ([-27,-333,-27]:[333,333,333]:[9,9,9]/[0,0,0]:[0,0,0]/[41,75,41]/126075)
0 0 2 regions 1
0 0 2 0   ([-13.5,-166.5,-13.5]:[175.5,166.5,166.5]:[4.5,4.5,4.5]/[0,0,0]:[0,0,0]/[43,75,41]/132225)
0 0 3 regions 1
0 0 3 0   ([-6.75,-83.25,-6.75]:[96.75,83.25,83.25]:[2.25,2.25,2.25]/[0,0,0]:[0,0,0]/[47,75,41]/144525)
0 0 4 regions 1
0 0 4 0   ([-3.375,-46.125,-3.375]:[59.625,46.125,43.875]:[1.125,1.125,1.125]/[0,0,0]:[0,0,0]/[57,83,43]/203433)
0 0 5 regions 2
0 0 5 0   ([-1.6875,-29.8125,-1.6875]:[10.6875,-21.375,25.3125]:[0.5625,0.5625,0.5625]/[0,0,0]:[0,0,0]/[23,16,49]/18032)
0 0 5 1   ([-1.6875,-20.8125,-1.6875]:[39.9375,29.8125,25.3125]:[0.5625,0.5625,0.5625]/[0,0,0]:[0,0,0]/[75,91,49]/334425)
0 0 6 regions 2
0 0 6 0   ([-0.84375,-19.96875,-0.84375]:[1.40625,-11.25,15.46875]:[0.28125,0.28125,0.28125]/[0,0,0]:[0,0,0]/[9,32,59]/16992)
0 0 6 1   ([-0.84375,-10.96875,-0.84375]:[30.09375,19.96875,15.46875]:[0.28125,0.28125,0.28125]/[0,0,0]:[0,0,0]/[111,111,59]/726939)

iteration 2089
maps 1
0 mglevels 1
0 0 reflevels 7
0 0 0 regions 1
0 0 0 0   ([-54,-432,-54]:[432,432,432]:[18,18,18]/[0,0,0]:[0,0,0]/[28,49,28]/38416)
0 0 1 regions 1
0 0 1 0   ([-27,-333,-27]:[333,333,333]:[9,9,9]/[0,0,0]:[0,0,0]/[41,75,41]/126075)
0 0 2 regions 1
0 0 2 0   ([-13.5,-166.5,-13.5]:[175.5,166.5,166.5]:[4.5,4.5,4.5]/[0,0,0]:[0,0,0]/[43,75,41]/132225)
0 0 3 regions 1
0 0 3 0   ([-6.75,-83.25,-6.75]:[96.75,83.25,83.25]:[2.25,2.25,2.25]/[0,0,0]:[0,0,0]/[47,75,41]/144525)
0 0 4 regions 1
0 0 4 0   ([-3.375,-46.125,-3.375]:[59.625,46.125,43.875]:[1.125,1.125,1.125]/[0,0,0]:[0,0,0]/[57,83,43]/203433)
0 0 5 regions 2
0 0 5 0   ([-1.6875,-29.8125,-1.6875]:[10.6875,-21.375,25.3125]:[0.5625,0.5625,0.5625]/[0,0,0]:[0,0,0]/[23,16,49]/18032)
0 0 5 1   ([-1.6875,-20.8125,-1.6875]:[39.9375,29.8125,25.3125]:[0.5625,0.5625,0.5625]/[0,0,0]:[0,0,0]/[75,91,49]/334425)
0 0 6 regions 2
0 0 6 0   ([-0.84375,-21.09375,-0.84375]:[1.40625,-10.6875,15.46875]:[0.28125,0.28125,0.28125]/[0,0,0]:[0,0,0]/[9,38,59]/20178)
0 0 6 1   ([-0.84375,-10.40625,-0.84375]:[29.53125,21.09375,15.46875]:[0.28125,0.28125,0.28125]/[0,0,0]:[0,0,0]/[109,113,59]/726703)

iteration 2177
maps 1
0 mglevels 1
0 0 reflevels 7
0 0 0 regions 1
0 0 0 0   ([-54,-432,-54]:[432,432,432]:[18,18,18]/[0,0,0]:[0,0,0]/[28,49,28]/38416)
0 0 1 regions 1
0 0 1 0   ([-27,-333,-27]:[333,333,333]:[9,9,9]/[0,0,0]:[0,0,0]/[41,75,41]/126075)
0 0 2 regions 1
0 0 2 0   ([-13.5,-166.5,-13.5]:[175.5,166.5,166.5]:[4.5,4.5,4.5]/[0,0,0]:[0,0,0]/[43,75,41]/132225)
0 0 3 regions 1
0 0 3 0   ([-6.75,-87.75,-6.75]:[96.75,87.75,83.25]:[2.25,2.25,2.25]/[0,0,0]:[0,0,0]/[47,79,41]/152233)
0 0 4 regions 1
0 0 4 0   ([-3.375,-50.625,-3.375]:[57.375,50.625,43.875]:[1.125,1.125,1.125]/[0,0,0]:[0,0,0]/[55,91,43]/215215)
0 0 5 regions 2
0 0 5 0   ([-1.6875,-30.9375,-1.6875]:[11.8125,-20.25,25.3125]:[0.5625,0.5625,0.5625]/[0,0,0]:[0,0,0]/[25,20,49]/24500)
0 0 5 1   ([-1.6875,-19.6875,-1.6875]:[38.8125,30.9375,25.3125]:[0.5625,0.5625,0.5625]/[0,0,0]:[0,0,0]/[73,91,49]/325507)
0 0 6 regions 2
0 0 6 0   ([-0.84375,-21.09375,-0.84375]:[1.96875,-10.6875,15.46875]:[0.28125,0.28125,0.28125]/[0,0,0]:[0,0,0]/[11,38,59]/24662)
0 0 6 1   ([-0.84375,-10.40625,-0.84375]:[29.53125,21.09375,15.46875]:[0.28125,0.28125,0.28125]/[0,0,0]:[0,0,0]/[109,113,59]/726703)

iteration 2181
maps 1
0 mglevels 1
0 0 reflevels 7
0 0 0 regions 1
0 0 0 0   ([-54,-432,-54]:[432,432,432]:[18,18,18]/[0,0,0]:[0,0,0]/[28,49,28]/38416)
0 0 1 regions 1
0 0 1 0   ([-27,-333,-27]:[333,333,333]:[9,9,9]/[0,0,0]:[0,0,0]/[41,75,41]/126075)
0 0 2 regions 1
0 0 2 0   ([-13.5,-166.5,-13.5]:[175.5,166.5,166.5]:[4.5,4.5,4.5]/[0,0,0]:[0,0,0]/[43,75,41]/132225)
0 0 3 regions 1
0 0 3 0   ([-6.75,-87.75,-6.75]:[96.75,87.75,83.25]:[2.25,2.25,2.25]/[0,0,0]:[0,0,0]/[47,79,41]/152233)
0 0 4 regions 1
0 0 4 0   ([-3.375,-50.625,-3.375]:[57.375,50.625,43.875]:[1.125,1.125,1.125]/[0,0,0]:[0,0,0]/[55,91,43]/215215)
0 0 5 regions 2
0 0 5 0   ([-1.6875,-30.9375,-1.6875]:[11.8125,-20.25,25.3125]:[0.5625,0.5625,0.5625]/[0,0,0]:[0,0,0]/[25,20,49]/24500)
0 0 5 1   ([-1.6875,-19.6875,-1.6875]:[38.8125,30.9375,25.3125]:[0.5625,0.5625,0.5625]/[0,0,0]:[0,0,0]/[73,91,49]/325507)
0 0 6 regions 2
0 0 6 0   ([-0.84375,-21.09375,-0.84375]:[1.96875,-10.6875,15.46875]:[0.28125,0.28125,0.28125]/[0,0,0]:[0,0,0]/[11,38,59]/24662)
0 0 6 1   ([-0.84375,-10.40625,-0.84375]:[29.53125,21.09375,15.46875]:[0.28125,0.28125,0.28125]/[0,0,0]:[0,0,0]/[109,113,59]/726703)

iteration 2277
maps 1
0 mglevels 1
0 0 reflevels 7
0 0 0 regions 1
0 0 0 0   ([-54,-432,-54]:[432,432,432]:[18,18,18]/[0,0,0]:[0,0,0]/[28,49,28]/38416)
0 0 1 regions 1
0 0 1 0   ([-27,-333,-27]:[333,333,333]:[9,9,9]/[0,0,0]:[0,0,0]/[41,75,41]/126075)
0 0 2 regions 1
0 0 2 0   ([-13.5,-166.5,-13.5]:[175.5,166.5,166.5]:[4.5,4.5,4.5]/[0,0,0]:[0,0,0]/[43,75,41]/132225)
0 0 3 regions 1
0 0 3 0   ([-6.75,-87.75,-6.75]:[96.75,87.75,83.25]:[2.25,2.25,2.25]/[0,0,0]:[0,0,0]/[47,79,41]/152233)
0 0 4 regions 1
0 0 4 0   ([-3.375,-50.625,-3.375]:[57.375,50.625,43.875]:[1.125,1.125,1.125]/[0,0,0]:[0,0,0]/[55,91,43]/215215)
0 0 5 regions 2
0 0 5 0   ([-1.6875,-30.9375,-1.6875]:[11.8125,-20.25,25.3125]:[0.5625,0.5625,0.5625]/[0,0,0]:[0,0,0]/[25,20,49]/24500)
0 0 5 1   ([-1.6875,-19.6875,-1.6875]:[38.8125,30.9375,25.3125]:[0.5625,0.5625,0.5625]/[0,0,0]:[0,0,0]/[73,91,49]/325507)
0 0 6 regions 2
0 0 6 0   ([-0.84375,-21.09375,-0.84375]:[1.96875,-10.6875,15.46875]:[0.28125,0.28125,0.28125]/[0,0,0]:[0,0,0]/[11,38,59]/24662)
0 0 6 1   ([-0.84375,-10.40625,-0.84375]:[29.53125,21.09375,15.46875]:[0.28125,0.28125,0.28125]/[0,0,0]:[0,0,0]/[109,113,59]/726703)

iteration 2389
maps 1
0 mglevels 1
0 0 reflevels 7
0 0 0 regions 1
0 0 0 0   ([-54,-432,-54]:[432,432,432]:[18,18,18]/[0,0,0]:[0,0,0]/[28,49,28]/38416)
0 0 1 regions 1
0 0 1 0   ([-27,-333,-27]:[333,333,333]:[9,9,9]/[0,0,0]:[0,0,0]/[41,75,41]/126075)
0 0 2 regions 1
0 0 2 0   ([-13.5,-166.5,-13.5]:[175.5,166.5,166.5]:[4.5,4.5,4.5]/[0,0,0]:[0,0,0]/[43,75,41]/132225)
0 0 3 regions 1
0 0 3 0   ([-6.75,-87.75,-6.75]:[96.75,87.75,83.25]:[2.25,2.25,2.25]/[0,0,0]:[0,0,0]/[47,79,41]/152233)
0 0 4 regions 1
0 0 4 0   ([-3.375,-50.625,-3.375]:[57.375,50.625,43.875]:[1.125,1.125,1.125]/[0,0,0]:[0,0,0]/[55,91,43]/215215)
0 0 5 regions 2
0 0 5 0   ([-1.6875,-30.9375,-1.6875]:[11.8125,-20.25,25.3125]:[0.5625,0.5625,0.5625]/[0,0,0]:[0,0,0]/[25,20,49]/24500)
0 0 5 1   ([-1.6875,-19.6875,-1.6875]:[38.8125,30.9375,25.3125]:[0.5625,0.5625,0.5625]/[0,0,0]:[0,0,0]/[73,91,49]/325507)
0 0 6 regions 2
0 0 6 0   ([-0.84375,-21.09375,-0.84375]:[1.96875,-10.6875,15.46875]:[0.28125,0.28125,0.28125]/[0,0,0]:[0,0,0]/[11,38,59]/24662)
0 0 6 1   ([-0.84375,-10.40625,-0.84375]:[29.53125,21.09375,15.46875]:[0.28125,0.28125,0.28125]/[0,0,0]:[0,0,0]/[109,113,59]/726703)

iteration 2393
maps 1
0 mglevels 1
0 0 reflevels 7
0 0 0 regions 1
0 0 0 0   ([-54,-432,-54]:[432,432,432]:[18,18,18]/[0,0,0]:[0,0,0]/[28,49,28]/38416)
0 0 1 regions 1
0 0 1 0   ([-27,-333,-27]:[333,333,333]:[9,9,9]/[0,0,0]:[0,0,0]/[41,75,41]/126075)
0 0 2 regions 1
0 0 2 0   ([-13.5,-166.5,-13.5]:[175.5,166.5,166.5]:[4.5,4.5,4.5]/[0,0,0]:[0,0,0]/[43,75,41]/132225)
0 0 3 regions 1
0 0 3 0   ([-6.75,-87.75,-6.75]:[96.75,87.75,83.25]:[2.25,2.25,2.25]/[0,0,0]:[0,0,0]/[47,79,41]/152233)
0 0 4 regions 1
0 0 4 0   ([-3.375,-50.625,-3.375]:[57.375,50.625,43.875]:[1.125,1.125,1.125]/[0,0,0]:[0,0,0]/[55,91,43]/215215)
0 0 5 regions 2
0 0 5 0   ([-1.6875,-30.9375,-1.6875]:[11.8125,-20.25,25.3125]:[0.5625,0.5625,0.5625]/[0,0,0]:[0,0,0]/[25,20,49]/24500)
0 0 5 1   ([-1.6875,-19.6875,-1.6875]:[38.8125,30.9375,25.3125]:[0.5625,0.5625,0.5625]/[0,0,0]:[0,0,0]/[73,91,49]/325507)
0 0 6 regions 2
0 0 6 0   ([-0.84375,-21.65625,-0.84375]:[1.96875,-9.5625,15.46875]:[0.28125,0.28125,0.28125]/[0,0,0]:[0,0,0]/[11,44,59]/28556)
0 0 6 1   ([-0.84375,-9.28125,-0.84375]:[28.96875,21.65625,15.46875]:[0.28125,0.28125,0.28125]/[0,0,0]:[0,0,0]/[107,111,59]/700743)

iteration 2521
maps 1
0 mglevels 1
0 0 reflevels 7
0 0 0 regions 1
0 0 0 0   ([-54,-432,-54]:[432,432,432]:[18,18,18]/[0,0,0]:[0,0,0]/[28,49,28]/38416)
0 0 1 regions 1
0 0 1 0   ([-27,-333,-27]:[333,333,333]:[9,9,9]/[0,0,0]:[0,0,0]/[41,75,41]/126075)
0 0 2 regions 1
0 0 2 0   ([-13.5,-166.5,-13.5]:[175.5,166.5,166.5]:[4.5,4.5,4.5]/[0,0,0]:[0,0,0]/[43,75,41]/132225)
0 0 3 regions 1
0 0 3 0   ([-6.75,-87.75,-6.75]:[96.75,87.75,83.25]:[2.25,2.25,2.25]/[0,0,0]:[0,0,0]/[47,79,41]/152233)
0 0 4 regions 1
0 0 4 0   ([-3.375,-50.625,-3.375]:[57.375,50.625,43.875]:[1.125,1.125,1.125]/[0,0,0]:[0,0,0]/[55,91,43]/215215)
0 0 5 regions 2
0 0 5 0   ([-1.6875,-30.9375,-1.6875]:[11.8125,-20.25,25.3125]:[0.5625,0.5625,0.5625]/[0,0,0]:[0,0,0]/[25,20,49]/24500)
0 0 5 1   ([-1.6875,-19.6875,-1.6875]:[38.8125,30.9375,25.3125]:[0.5625,0.5625,0.5625]/[0,0,0]:[0,0,0]/[73,91,49]/325507)
0 0 6 regions 2
0 0 6 0   ([-0.84375,-22.21875,-0.84375]:[1.96875,-9.5625,15.46875]:[0.28125,0.28125,0.28125]/[0,0,0]:[0,0,0]/[11,46,59]/29854)
0 0 6 1   ([-0.84375,-9.28125,-0.84375]:[28.96875,22.21875,15.46875]:[0.28125,0.28125,0.28125]/[0,0,0]:[0,0,0]/[107,113,59]/713369)

iteration 2577
maps 1
0 mglevels 1
0 0 reflevels 7
0 0 0 regions 1
0 0 0 0   ([-54,-432,-54]:[432,432,432]:[18,18,18]/[0,0,0]:[0,0,0]/[28,49,28]/38416)
0 0 1 regions 1
0 0 1 0   ([-27,-333,-27]:[333,333,333]:[9,9,9]/[0,0,0]:[0,0,0]/[41,75,41]/126075)
0 0 2 regions 1
0 0 2 0   ([-13.5,-166.5,-13.5]:[175.5,166.5,166.5]:[4.5,4.5,4.5]/[0,0,0]:[0,0,0]/[43,75,41]/132225)
0 0 3 regions 1
0 0 3 0   ([-6.75,-87.75,-6.75]:[96.75,87.75,83.25]:[2.25,2.25,2.25]/[0,0,0]:[0,0,0]/[47,79,41]/152233)
0 0 4 regions 1
0 0 4 0   ([-3.375,-50.625,-3.375]:[57.375,50.625,43.875]:[1.125,1.125,1.125]/[0,0,0]:[0,0,0]/[55,91,43]/215215)
0 0 5 regions 2
0 0 5 0   ([-1.6875,-32.0625,-1.6875]:[11.8125,-19.125,25.3125]:[0.5625,0.5625,0.5625]/[0,0,0]:[0,0,0]/[25,24,49]/29400)
0 0 5 1   ([-1.6875,-18.5625,-1.6875]:[38.8125,32.0625,25.3125]:[0.5625,0.5625,0.5625]/[0,0,0]:[0,0,0]/[73,91,49]/325507)
0 0 6 regions 2
0 0 6 0   ([-0.84375,-22.21875,-0.84375]:[2.53125,-9.5625,15.46875]:[0.28125,0.28125,0.28125]/[0,0,0]:[0,0,0]/[13,46,59]/35282)
0 0 6 1   ([-0.84375,-9.28125,-0.84375]:[28.96875,22.21875,15.46875]:[0.28125,0.28125,0.28125]/[0,0,0]:[0,0,0]/[107,113,59]/713369)

iteration 2637
maps 1
0 mglevels 1
0 0 reflevels 7
0 0 0 regions 1
0 0 0 0   ([-54,-432,-54]:[432,432,432]:[18,18,18]/[0,0,0]:[0,0,0]/[28,49,28]/38416)
0 0 1 regions 1
0 0 1 0   ([-27,-333,-27]:[333,333,333]:[9,9,9]/[0,0,0]:[0,0,0]/[41,75,41]/126075)
0 0 2 regions 1
0 0 2 0   ([-13.5,-166.5,-13.5]:[175.5,166.5,166.5]:[4.5,4.5,4.5]/[0,0,0]:[0,0,0]/[43,75,41]/132225)
0 0 3 regions 1
0 0 3 0   ([-6.75,-87.75,-6.75]:[96.75,87.75,83.25]:[2.25,2.25,2.25]/[0,0,0]:[0,0,0]/[47,79,41]/152233)
0 0 4 regions 1
0 0 4 0   ([-3.375,-50.625,-3.375]:[57.375,50.625,43.875]:[1.125,1.125,1.125]/[0,0,0]:[0,0,0]/[55,91,43]/215215)
0 0 5 regions 2
0 0 5 0   ([-1.6875,-32.0625,-1.6875]:[11.8125,-19.125,25.3125]:[0.5625,0.5625,0.5625]/[0,0,0]:[0,0,0]/[25,24,49]/29400)
0 0 5 1   ([-1.6875,-18.5625,-1.6875]:[38.8125,32.0625,25.3125]:[0.5625,0.5625,0.5625]/[0,0,0]:[0,0,0]/[73,91,49]/325507)
0 0 6 regions 2
0 0 6 0   ([-0.84375,-22.21875,-0.84375]:[2.53125,-9.5625,15.46875]:[0.28125,0.28125,0.28125]/[0,0,0]:[0,0,0]/[13,46,59]/35282)
0 0 6 1   ([-0.84375,-9.28125,-0.84375]:[28.96875,22.21875,15.46875]:[0.28125,0.28125,0.28125]/[0,0,0]:[0,0,0]/[107,113,59]/713369)

iteration 2741
maps 1
0 mglevels 1
0 0 reflevels 7
0 0 0 regions 1
0 0 0 0   ([-54,-432,-54]:[432,432,432]:[18,18,18]/[0,0,0]:[0,0,0]/[28,49,28]/38416)
0 0 1 regions 1
0 0 1 0   ([-27,-333,-27]:[333,333,333]:[9,9,9]/[0,0,0]:[0,0,0]/[41,75,41]/126075)
0 0 2 regions 1
0 0 2 0   ([-13.5,-166.5,-13.5]:[175.5,166.5,166.5]:[4.5,4.5,4.5]/[0,0,0]:[0,0,0]/[43,75,41]/132225)
0 0 3 regions 1
0 0 3 0   ([-6.75,-87.75,-6.75]:[96.75,87.75,83.25]:[2.25,2.25,2.25]/[0,0,0]:[0,0,0]/[47,79,41]/152233)
0 0 4 regions 1
0 0 4 0   ([-3.375,-50.625,-3.375]:[57.375,50.625,43.875]:[1.125,1.125,1.125]/[0,0,0]:[0,0,0]/[55,91,43]/215215)
0 0 5 regions 2
0 0 5 0   ([-1.6875,-32.0625,-1.6875]:[11.8125,-19.125,25.3125]:[0.5625,0.5625,0.5625]/[0,0,0]:[0,0,0]/[25,24,49]/29400)
0 0 5 1   ([-1.6875,-18.5625,-1.6875]:[38.8125,32.0625,25.3125]:[0.5625,0.5625,0.5625]/[0,0,0]:[0,0,0]/[73,91,49]/325507)
0 0 6 regions 2
0 0 6 0   ([-0.84375,-22.21875,-0.84375]:[2.53125,-9.5625,15.46875]:[0.28125,0.28125,0.28125]/[0,0,0]:[0,0,0]/[13,46,59]/35282)
0 0 6 1   ([-0.84375,-9.28125,-0.84375]:[28.96875,22.21875,15.46875]:[0.28125,0.28125,0.28125]/[0,0,0]:[0,0,0]/[107,113,59]/713369)

iteration 2757
maps 1
0 mglevels 1
0 0 reflevels 7
0 0 0 regions 1
0 0 0 0   ([-54,-432,-54]:[432,432,432]:[18,18,18]/[0,0,0]:[0,0,0]/[28,49,28]/38416)
0 0 1 regions 1
0 0 1 0   ([-27,-333,-27]:[333,333,333]:[9,9,9]/[0,0,0]:[0,0,0]/[41,75,41]/126075)
0 0 2 regions 1
0 0 2 0   ([-13.5,-166.5,-13.5]:[175.5,166.5,166.5]:[4.5,4.5,4.5]/[0,0,0]:[0,0,0]/[43,75,41]/132225)
0 0 3 regions 1
0 0 3 0   ([-6.75,-87.75,-6.75]:[96.75,87.75,83.25]:[2.25,2.25,2.25]/[0,0,0]:[0,0,0]/[47,79,41]/152233)
0 0 4 regions 1
0 0 4 0   ([-3.375,-50.625,-3.375]:[57.375,50.625,43.875]:[1.125,1.125,1.125]/[0,0,0]:[0,0,0]/[55,91,43]/215215)
0 0 5 regions 2
0 0 5 0   ([-1.6875,-32.0625,-1.6875]:[11.8125,-19.125,25.3125]:[0.5625,0.5625,0.5625]/[0,0,0]:[0,0,0]/[25,24,49]/29400)
0 0 5 1   ([-1.6875,-18.5625,-1.6875]:[38.8125,32.0625,25.3125]:[0.5625,0.5625,0.5625]/[0,0,0]:[0,0,0]/[73,91,49]/325507)
0 0 6 regions 2
0 0 6 0   ([-0.84375,-22.21875,-0.84375]:[2.53125,-9.5625,15.46875]:[0.28125,0.28125,0.28125]/[0,0,0]:[0,0,0]/[13,46,59]/35282)
0 0 6 1   ([-0.84375,-9.28125,-0.84375]:[28.96875,22.21875,15.46875]:[0.28125,0.28125,0.28125]/[0,0,0]:[0,0,0]/[107,113,59]/713369)

iteration 2857
maps 1
0 mglevels 1
0 0 reflevels 7
0 0 0 regions 1
0 0 0 0   ([-54,-432,-54]:[432,432,432]:[18,18,18]/[0,0,0]:[0,0,0]/[28,49,28]/38416)
0 0 1 regions 1
0 0 1 0   ([-27,-333,-27]:[333,333,333]:[9,9,9]/[0,0,0]:[0,0,0]/[41,75,41]/126075)
0 0 2 regions 1
0 0 2 0   ([-13.5,-166.5,-13.5]:[175.5,166.5,166.5]:[4.5,4.5,4.5]/[0,0,0]:[0,0,0]/[43,75,41]/132225)
0 0 3 regions 1
0 0 3 0   ([-6.75,-87.75,-6.75]:[96.75,87.75,83.25]:[2.25,2.25,2.25]/[0,0,0]:[0,0,0]/[47,79,41]/152233)
0 0 4 regions 1
0 0 4 0   ([-3.375,-50.625,-3.375]:[57.375,50.625,43.875]:[1.125,1.125,1.125]/[0,0,0]:[0,0,0]/[55,91,43]/215215)
0 0 5 regions 2
0 0 5 0   ([-1.6875,-32.0625,-1.6875]:[11.8125,-19.125,25.3125]:[0.5625,0.5625,0.5625]/[0,0,0]:[0,0,0]/[25,24,49]/29400)
0 0 5 1   ([-1.6875,-18.5625,-1.6875]:[38.8125,32.0625,25.3125]:[0.5625,0.5625,0.5625]/[0,0,0]:[0,0,0]/[73,91,49]/325507)
0 0 6 regions 2
0 0 6 0   ([-0.84375,-22.78125,-0.84375]:[2.53125,-8.4375,15.46875]:[0.28125,0.28125,0.28125]/[0,0,0]:[0,0,0]/[13,52,59]/39884)
0 0 6 1   ([-0.84375,-8.15625,-0.84375]:[28.40625,22.78125,15.46875]:[0.28125,0.28125,0.28125]/[0,0,0]:[0,0,0]/[105,111,59]/687645)

iteration 2921
maps 1
0 mglevels 1
0 0 reflevels 7
0 0 0 regions 1
0 0 0 0   ([-54,-432,-54]:[432,432,432]:[18,18,18]/[0,0,0]:[0,0,0]/[28,49,28]/38416)
0 0 1 regions 1
0 0 1 0   ([-27,-333,-27]:[333,333,333]:[9,9,9]/[0,0,0]:[0,0,0]/[41,75,41]/126075)
0 0 2 regions 1
0 0 2 0   ([-13.5,-166.5,-13.5]:[175.5,166.5,166.5]:[4.5,4.5,4.5]/[0,0,0]:[0,0,0]/[43,75,41]/132225)
0 0 3 regions 1
0 0 3 0   ([-6.75,-87.75,-6.75]:[96.75,87.75,83.25]:[2.25,2.25,2.25]/[0,0,0]:[0,0,0]/[47,79,41]/152233)
0 0 4 regions 1
0 0 4 0   ([-3.375,-50.625,-3.375]:[57.375,50.625,43.875]:[1.125,1.125,1.125]/[0,0,0]:[0,0,0]/[55,91,43]/215215)
0 0 5 regions 2
0 0 5 0   ([-1.6875,-32.0625,-1.6875]:[11.8125,-19.125,25.3125]:[0.5625,0.5625,0.5625]/[0,0,0]:[0,0,0]/[25,24,49]/29400)
0 0 5 1   ([-1.6875,-18.5625,-1.6875]:[38.8125,32.0625,25.3125]:[0.5625,0.5625,0.5625]/[0,0,0]:[0,0,0]/[73,91,49]/325507)
0 0 6 regions 2
0 0 6 0   ([-0.84375,-22.78125,-0.84375]:[3.09375,-8.4375,15.46875]:[0.28125,0.28125,0.28125]/[0,0,0]:[0,0,0]/[15,52,59]/46020)
0 0 6 1   ([-0.84375,-8.15625,-0.84375]:[28.40625,22.78125,15.46875]:[0.28125,0.28125,0.28125]/[0,0,0]:[0,0,0]/[105,111,59]/687645)

iteration 2981
maps 1
0 mglevels 1
0 0 reflevels 7
0 0 0 regions 1
0 0 0 0   ([-54,-432,-54]:[432,432,432]:[18,18,18]/[0,0,0]:[0,0,0]/[28,49,28]/38416)
0 0 1 regions 1
0 0 1 0   ([-27,-333,-27]:[333,333,333]:[9,9,9]/[0,0,0]:[0,0,0]/[41,75,41]/126075)
0 0 2 regions 1
0 0 2 0   ([-13.5,-166.5,-13.5]:[175.5,166.5,166.5]:[4.5,4.5,4.5]/[0,0,0]:[0,0,0]/[43,75,41]/132225)
0 0 3 regions 1
0 0 3 0   ([-6.75,-87.75,-6.75]:[96.75,87.75,83.25]:[2.25,2.25,2.25]/[0,0,0]:[0,0,0]/[47,79,41]/152233)
0 0 4 regions 1
0 0 4 0   ([-3.375,-50.625,-3.375]:[57.375,50.625,43.875]:[1.125,1.125,1.125]/[0,0,0]:[0,0,0]/[55,91,43]/215215)
0 0 5 regions 2
0 0 5 0   ([-1.6875,-32.0625,-1.6875]:[11.8125,-19.125,25.3125]:[0.5625,0.5625,0.5625]/[0,0,0]:[0,0,0]/[25,24,49]/29400)
0 0 5 1   ([-1.6875,-18.5625,-1.6875]:[38.8125,32.0625,25.3125]:[0.5625,0.5625,0.5625]/[0,0,0]:[0,0,0]/[73,91,49]/325507)
0 0 6 regions 2
0 0 6 0   ([-0.84375,-22.78125,-0.84375]:[3.09375,-8.4375,15.46875]:[0.28125,0.28125,0.28125]/[0,0,0]:[0,0,0]/[15,52,59]/46020)
0 0 6 1   ([-0.84375,-8.15625,-0.84375]:[28.40625,22.78125,15.46875]:[0.28125,0.28125,0.28125]/[0,0,0]:[0,0,0]/[105,111,59]/687645)

iteration 3045
maps 1
0 mglevels 1
0 0 reflevels 7
0 0 0 regions 1
0 0 0 0   ([-54,-432,-54]:[432,432,432]:[18,18,18]/[0,0,0]:[0,0,0]/[28,49,28]/38416)
0 0 1 regions 1
0 0 1 0   ([-27,-333,-27]:[333,333,333]:[9,9,9]/[0,0,0]:[0,0,0]/[41,75,41]/126075)
0 0 2 regions 1
0 0 2 0   ([-13.5,-166.5,-13.5]:[175.5,166.5,166.5]:[4.5,4.5,4.5]/[0,0,0]:[0,0,0]/[43,75,41]/132225)
0 0 3 regions 1
0 0 3 0   ([-6.75,-87.75,-6.75]:[96.75,87.75,83.25]:[2.25,2.25,2.25]/[0,0,0]:[0,0,0]/[47,79,41]/152233)
0 0 4 regions 1
0 0 4 0   ([-3.375,-50.625,-3.375]:[57.375,50.625,43.875]:[1.125,1.125,1.125]/[0,0,0]:[0,0,0]/[55,91,43]/215215)
0 0 5 regions 2
0 0 5 0   ([-1.6875,-32.0625,-1.6875]:[11.8125,-19.125,25.3125]:[0.5625,0.5625,0.5625]/[0,0,0]:[0,0,0]/[25,24,49]/29400)
0 0 5 1   ([-1.6875,-18.5625,-1.6875]:[38.8125,32.0625,25.3125]:[0.5625,0.5625,0.5625]/[0,0,0]:[0,0,0]/[73,91,49]/325507)
0 0 6 regions 2
0 0 6 0   ([-0.84375,-22.78125,-0.84375]:[3.09375,-8.4375,15.46875]:[0.28125,0.28125,0.28125]/[0,0,0]:[0,0,0]/[15,52,59]/46020)
0 0 6 1   ([-0.84375,-8.15625,-0.84375]:[28.40625,22.78125,15.46875]:[0.28125,0.28125,0.28125]/[0,0,0]:[0,0,0]/[105,111,59]/687645)

iteration 3061
maps 1
0 mglevels 1
0 0 reflevels 7
0 0 0 regions 1
0 0 0 0   ([-54,-432,-54]:[432,432,432]:[18,18,18]/[0,0,0]:[0,0,0]/[28,49,28]/38416)
0 0 1 regions 1
0 0 1 0   ([-27,-333,-27]:[333,333,333]:[9,9,9]/[0,0,0]:[0,0,0]/[41,75,41]/126075)
0 0 2 regions 1
0 0 2 0   ([-13.5,-166.5,-13.5]:[175.5,166.5,166.5]:[4.5,4.5,4.5]/[0,0,0]:[0,0,0]/[43,75,41]/132225)
0 0 3 regions 1
0 0 3 0   ([-6.75,-87.75,-6.75]:[96.75,87.75,83.25]:[2.25,2.25,2.25]/[0,0,0]:[0,0,0]/[47,79,41]/152233)
0 0 4 regions 1
0 0 4 0   ([-3.375,-50.625,-3.375]:[57.375,50.625,43.875]:[1.125,1.125,1.125]/[0,0,0]:[0,0,0]/[55,91,43]/215215)
0 0 5 regions 2
0 0 5 0   ([-1.6875,-32.0625,-1.6875]:[11.8125,-19.125,25.3125]:[0.5625,0.5625,0.5625]/[0,0,0]:[0,0,0]/[25,24,49]/29400)
0 0 5 1   ([-1.6875,-18.5625,-1.6875]:[38.8125,32.0625,25.3125]:[0.5625,0.5625,0.5625]/[0,0,0]:[0,0,0]/[73,91,49]/325507)
0 0 6 regions 2
0 0 6 0   ([-0.84375,-22.78125,-0.84375]:[3.09375,-8.4375,15.46875]:[0.28125,0.28125,0.28125]/[0,0,0]:[0,0,0]/[15,52,59]/46020)
0 0 6 1   ([-0.84375,-8.15625,-0.84375]:[28.40625,22.78125,15.46875]:[0.28125,0.28125,0.28125]/[0,0,0]:[0,0,0]/[105,111,59]/687645)

iteration 3141
maps 1
0 mglevels 1
0 0 reflevels 7
0 0 0 regions 1
0 0 0 0   ([-54,-432,-54]:[432,432,432]:[18,18,18]/[0,0,0]:[0,0,0]/[28,49,28]/38416)
0 0 1 regions 1
0 0 1 0   ([-27,-333,-27]:[333,333,333]:[9,9,9]/[0,0,0]:[0,0,0]/[41,75,41]/126075)
0 0 2 regions 1
0 0 2 0   ([-13.5,-166.5,-13.5]:[175.5,166.5,166.5]:[4.5,4.5,4.5]/[0,0,0]:[0,0,0]/[43,75,41]/132225)
0 0 3 regions 1
0 0 3 0   ([-6.75,-87.75,-6.75]:[96.75,87.75,83.25]:[2.25,2.25,2.25]/[0,0,0]:[0,0,0]/[47,79,41]/152233)
0 0 4 regions 1
0 0 4 0   ([-3.375,-50.625,-3.375]:[57.375,50.625,43.875]:[1.125,1.125,1.125]/[0,0,0]:[0,0,0]/[55,91,43]/215215)
0 0 5 regions 2
0 0 5 0   ([-1.6875,-32.0625,-1.6875]:[11.8125,-19.125,25.3125]:[0.5625,0.5625,0.5625]/[0,0,0]:[0,0,0]/[25,24,49]/29400)
0 0 5 1   ([-1.6875,-18.5625,-1.6875]:[38.8125,32.0625,25.3125]:[0.5625,0.5625,0.5625]/[0,0,0]:[0,0,0]/[73,91,49]/325507)
0 0 6 regions 2
0 0 6 0   ([-0.84375,-22.78125,-0.84375]:[3.09375,-8.4375,15.46875]:[0.28125,0.28125,0.28125]/[0,0,0]:[0,0,0]/[15,52,59]/46020)
0 0 6 1   ([-0.84375,-8.15625,-0.84375]:[28.40625,22.78125,15.46875]:[0.28125,0.28125,0.28125]/[0,0,0]:[0,0,0]/[105,111,59]/687645)

iteration 3185
maps 1
0 mglevels 1
0 0 reflevels 7
0 0 0 regions 1
0 0 0 0   ([-54,-432,-54]:[432,432,432]:[18,18,18]/[0,0,0]:[0,0,0]/[28,49,28]/38416)
0 0 1 regions 1
0 0 1 0   ([-27,-333,-27]:[333,333,333]:[9,9,9]/[0,0,0]:[0,0,0]/[41,75,41]/126075)
0 0 2 regions 1
0 0 2 0   ([-13.5,-166.5,-13.5]:[175.5,166.5,166.5]:[4.5,4.5,4.5]/[0,0,0]:[0,0,0]/[43,75,41]/132225)
0 0 3 regions 1
0 0 3 0   ([-6.75,-87.75,-6.75]:[96.75,87.75,83.25]:[2.25,2.25,2.25]/[0,0,0]:[0,0,0]/[47,79,41]/152233)
0 0 4 regions 1
0 0 4 0   ([-3.375,-50.625,-3.375]:[57.375,50.625,43.875]:[1.125,1.125,1.125]/[0,0,0]:[0,0,0]/[55,91,43]/215215)
0 0 5 regions 2
0 0 5 0   ([-1.6875,-33.1875,-1.6875]:[12.9375,-18,25.3125]:[0.5625,0.5625,0.5625]/[0,0,0]:[0,0,0]/[27,28,49]/37044)
0 0 5 1   ([-1.6875,-17.4375,-1.6875]:[37.6875,33.1875,25.3125]:[0.5625,0.5625,0.5625]/[0,0,0]:[0,0,0]/[71,91,49]/316589)
0 0 6 regions 2
0 0 6 0   ([-0.84375,-23.90625,-0.84375]:[3.65625,-7.875,15.46875]:[0.28125,0.28125,0.28125]/[0,0,0]:[0,0,0]/[17,58,59]/58174)
0 0 6 1   ([-0.84375,-7.59375,-0.84375]:[27.84375,23.90625,15.46875]:[0.28125,0.28125,0.28125]/[0,0,0]:[0,0,0]/[103,113,59]/686701)

iteration 3225
maps 1
0 mglevels 1
0 0 reflevels 7
0 0 0 regions 1
0 0 0 0   ([-54,-432,-54]:[432,432,432]:[18,18,18]/[0,0,0]:[0,0,0]/[28,49,28]/38416)
0 0 1 regions 1
0 0 1 0   ([-27,-333,-27]:[333,333,333]:[9,9,9]/[0,0,0]:[0,0,0]/[41,75,41]/126075)
0 0 2 regions 1
0 0 2 0   ([-13.5,-166.5,-13.5]:[175.5,166.5,166.5]:[4.5,4.5,4.5]/[0,0,0]:[0,0,0]/[43,75,41]/132225)
0 0 3 regions 1
0 0 3 0   ([-6.75,-87.75,-6.75]:[96.75,87.75,83.25]:[2.25,2.25,2.25]/[0,0,0]:[0,0,0]/[47,79,41]/152233)
0 0 4 regions 1
0 0 4 0   ([-3.375,-50.625,-3.375]:[57.375,50.625,43.875]:[1.125,1.125,1.125]/[0,0,0]:[0,0,0]/[55,91,43]/215215)
0 0 5 regions 2
0 0 5 0   ([-1.6875,-33.1875,-1.6875]:[12.9375,-18,25.3125]:[0.5625,0.5625,0.5625]/[0,0,0]:[0,0,0]/[27,28,49]/37044)
0 0 5 1   ([-1.6875,-17.4375,-1.6875]:[37.6875,33.1875,25.3125]:[0.5625,0.5625,0.5625]/[0,0,0]:[0,0,0]/[71,91,49]/316589)
0 0 6 regions 2
0 0 6 0   ([-0.84375,-23.90625,-0.84375]:[3.65625,-7.3125,15.46875]:[0.28125,0.28125,0.28125]/[0,0,0]:[0,0,0]/[17,60,59]/60180)
0 0 6 1   ([-0.84375,-7.03125,-0.84375]:[27.84375,23.90625,15.46875]:[0.28125,0.28125,0.28125]/[0,0,0]:[0,0,0]/[103,111,59]/674547)

iteration 3313
maps 1
0 mglevels 1
0 0 reflevels 7
0 0 0 regions 1
0 0 0 0   ([-54,-432,-54]:[432,432,432]:[18,18,18]/[0,0,0]:[0,0,0]/[28,49,28]/38416)
0 0 1 regions 1
0 0 1 0   ([-27,-333,-27]:[333,333,333]:[9,9,9]/[0,0,0]:[0,0,0]/[41,75,41]/126075)
0 0 2 regions 1
0 0 2 0   ([-13.5,-166.5,-13.5]:[175.5,166.5,166.5]:[4.5,4.5,4.5]/[0,0,0]:[0,0,0]/[43,75,41]/132225)
0 0 3 regions 1
0 0 3 0   ([-6.75,-87.75,-6.75]:[96.75,87.75,83.25]:[2.25,2.25,2.25]/[0,0,0]:[0,0,0]/[47,79,41]/152233)
0 0 4 regions 1
0 0 4 0   ([-3.375,-50.625,-3.375]:[57.375,50.625,43.875]:[1.125,1.125,1.125]/[0,0,0]:[0,0,0]/[55,91,43]/215215)
0 0 5 regions 2
0 0 5 0   ([-1.6875,-33.1875,-1.6875]:[12.9375,-16.875,25.3125]:[0.5625,0.5625,0.5625]/[0,0,0]:[0,0,0]/[27,30,49]/39690)
0 0 5 1   ([-1.6875,-16.3125,-1.6875]:[36.5625,33.1875,25.3125]:[0.5625,0.5625,0.5625]/[0,0,0]:[0,0,0]/[69,89,49]/300909)
0 0 6 regions 2
0 0 6 0   ([-0.84375,-23.90625,-0.84375]:[3.65625,-7.3125,15.46875]:[0.28125,0.28125,0.28125]/[0,0,0]:[0,0,0]/[17,60,59]/60180)
0 0 6 1   ([-0.84375,-7.03125,-0.84375]:[27.28125,23.90625,15.46875]:[0.28125,0.28125,0.28125]/[0,0,0]:[0,0,0]/[101,111,59]/661449)

iteration 3321
maps 1
0 mglevels 1
0 0 reflevels 7
0 0 0 regions 1
0 0 0 0   ([-54,-432,-54]:[432,432,432]:[18,18,18]/[0,0,0]:[0,0,0]/[28,49,28]/38416)
0 0 1 regions 1
0 0 1 0   ([-27,-333,-27]:[333,333,333]:[9,9,9]/[0,0,0]:[0,0,0]/[41,75,41]/126075)
0 0 2 regions 1
0 0 2 0   ([-13.5,-166.5,-13.5]:[175.5,166.5,166.5]:[4.5,4.5,4.5]/[0,0,0]:[0,0,0]/[43,75,41]/132225)
0 0 3 regions 1
0 0 3 0   ([-6.75,-87.75,-6.75]:[96.75,87.75,83.25]:[2.25,2.25,2.25]/[0,0,0]:[0,0,0]/[47,79,41]/152233)
0 0 4 regions 1
0 0 4 0   ([-3.375,-50.625,-3.375]:[57.375,50.625,43.875]:[1.125,1.125,1.125]/[0,0,0]:[0,0,0]/[55,91,43]/215215)
0 0 5 regions 2
0 0 5 0   ([-1.6875,-33.1875,-1.6875]:[12.9375,-16.875,25.3125]:[0.5625,0.5625,0.5625]/[0,0,0]:[0,0,0]/[27,30,49]/39690)
0 0 5 1   ([-1.6875,-16.3125,-1.6875]:[36.5625,33.1875,25.3125]:[0.5625,0.5625,0.5625]/[0,0,0]:[0,0,0]/[69,89,49]/300909)
0 0 6 regions 2
0 0 6 0   ([-0.84375,-24.46875,-0.84375]:[3.65625,-7.3125,15.46875]:[0.28125,0.28125,0.28125]/[0,0,0]:[0,0,0]/[17,62,59]/62186)
0 0 6 1   ([-0.84375,-7.03125,-0.84375]:[27.28125,24.46875,15.46875]:[0.28125,0.28125,0.28125]/[0,0,0]:[0,0,0]/[101,113,59]/673367)

iteration 3425
maps 1
0 mglevels 1
0 0 reflevels 7
0 0 0 regions 1
0 0 0 0   ([-54,-432,-54]:[432,432,432]:[18,18,18]/[0,0,0]:[0,0,0]/[28,49,28]/38416)
0 0 1 regions 1
0 0 1 0   ([-27,-333,-27]:[333,333,333]:[9,9,9]/[0,0,0]:[0,0,0]/[41,75,41]/126075)
0 0 2 regions 1
0 0 2 0   ([-13.5,-166.5,-13.5]:[175.5,166.5,166.5]:[4.5,4.5,4.5]/[0,0,0]:[0,0,0]/[43,75,41]/132225)
0 0 3 regions 1
0 0 3 0   ([-6.75,-87.75,-6.75]:[96.75,87.75,83.25]:[2.25,2.25,2.25]/[0,0,0]:[0,0,0]/[47,79,41]/152233)
0 0 4 regions 1
0 0 4 0   ([-3.375,-52.875,-3.375]:[55.125,52.875,43.875]:[1.125,1.125,1.125]/[0,0,0]:[0,0,0]/[53,95,43]/216505)
0 0 5 regions 2
0 0 5 0   ([-1.6875,-34.3125,-1.6875]:[12.9375,-16.875,25.3125]:[0.5625,0.5625,0.5625]/[0,0,0]:[0,0,0]/[27,32,49]/42336)
0 0 5 1   ([-1.6875,-16.3125,-1.6875]:[36.5625,34.3125,25.3125]:[0.5625,0.5625,0.5625]/[0,0,0]:[0,0,0]/[69,91,49]/307671)
0 0 6 regions 2
0 0 6 0   ([-0.84375,-24.46875,-0.84375]:[3.65625,-6.75,15.46875]:[0.28125,0.28125,0.28125]/[0,0,0]:[0,0,0]/[17,64,59]/64192)
0 0 6 1   ([-0.84375,-6.46875,-0.84375]:[27.28125,24.46875,15.46875]:[0.28125,0.28125,0.28125]/[0,0,0]:[0,0,0]/[101,111,59]/661449)

iteration 3457
maps 1
0 mglevels 1
0 0 reflevels 7
0 0 0 regions 1
0 0 0 0   ([-54,-432,-54]:[432,432,432]:[18,18,18]/[0,0,0]:[0,0,0]/[28,49,28]/38416)
0 0 1 regions 1
0 0 1 0   ([-27,-333,-27]:[333,333,333]:[9,9,9]/[0,0,0]:[0,0,0]/[41,75,41]/126075)
0 0 2 regions 1
0 0 2 0   ([-13.5,-175.5,-13.5]:[175.5,175.5,166.5]:[4.5,4.5,4.5]/[0,0,0]:[0,0,0]/[43,79,41]/139277)
0 0 3 regions 1
0 0 3 0   ([-6.75,-92.25,-6.75]:[92.25,92.25,83.25]:[2.25,2.25,2.25]/[0,0,0]:[0,0,0]/[45,83,41]/153135)
0 0 4 regions 1
0 0 4 0   ([-3.375,-52.875,-3.375]:[55.125,52.875,43.875]:[1.125,1.125,1.125]/[0,0,0]:[0,0,0]/[53,95,43]/216505)
0 0 5 regions 2
0 0 5 0   ([-1.6875,-34.3125,-1.6875]:[14.0625,-16.875,25.3125]:[0.5625,0.5625,0.5625]/[0,0,0]:[0,0,0]/[29,32,49]/45472)
0 0 5 1   ([-1.6875,-16.3125,-1.6875]:[36.5625,34.3125,25.3125]:[0.5625,0.5625,0.5625]/[0,0,0]:[0,0,0]/[69,91,49]/307671)
0 0 6 regions 2
0 0 6 0   ([-0.84375,-24.46875,-0.84375]:[4.21875,-6.75,15.46875]:[0.28125,0.28125,0.28125]/[0,0,0]:[0,0,0]/[19,64,59]/71744)
0 0 6 1   ([-0.84375,-6.46875,-0.84375]:[27.28125,24.46875,15.46875]:[0.28125,0.28125,0.28125]/[0,0,0]:[0,0,0]/[101,111,59]/661449)

iteration 3553
maps 1
0 mglevels 1
0 0 reflevels 7
0 0 0 regions 1
0 0 0 0   ([-54,-432,-54]:[432,432,432]:[18,18,18]/[0,0,0]:[0,0,0]/[28,49,28]/38416)
0 0 1 regions 1
0 0 1 0   ([-27,-333,-27]:[333,333,333]:[9,9,9]/[0,0,0]:[0,0,0]/[41,75,41]/126075)
0 0 2 regions 1
0 0 2 0   ([-13.5,-175.5,-13.5]:[175.5,175.5,166.5]:[4.5,4.5,4.5]/[0,0,0]:[0,0,0]/[43,79,41]/139277)
0 0 3 regions 1
0 0 3 0   ([-6.75,-92.25,-6.75]:[92.25,92.25,83.25]:[2.25,2.25,2.25]/[0,0,0]:[0,0,0]/[45,83,41]/153135)
0 0 4 regions 1
0 0 4 0   ([-3.375,-52.875,-3.375]:[55.125,52.875,43.875]:[1.125,1.125,1.125]/[0,0,0]:[0,0,0]/[53,95,43]/216505)
0 0 5 regions 2
0 0 5 0   ([-1.6875,-34.3125,-1.6875]:[14.0625,-16.875,25.3125]:[0.5625,0.5625,0.5625]/[0,0,0]:[0,0,0]/[29,32,49]/45472)
0 0 5 1   ([-1.6875,-16.3125,-1.6875]:[36.5625,34.3125,25.3125]:[0.5625,0.5625,0.5625]/[0,0,0]:[0,0,0]/[69,91,49]/307671)
0 0 6 regions 2
0 0 6 0   ([-0.84375,-25.03125,-0.84375]:[4.21875,-6.75,15.46875]:[0.28125,0.28125,0.28125]/[0,0,0]:[0,0,0]/[19,66,59]/73986)
0 0 6 1   ([-0.84375,-6.46875,-0.84375]:[27.28125,25.03125,15.46875]:[0.28125,0.28125,0.28125]/[0,0,0]:[0,0,0]/[101,113,59]/673367)

iteration 3609
maps 1
0 mglevels 1
0 0 reflevels 7
0 0 0 regions 1
0 0 0 0   ([-54,-432,-54]:[432,432,432]:[18,18,18]/[0,0,0]:[0,0,0]/[28,49,28]/38416)
0 0 1 regions 1
0 0 1 0   ([-27,-333,-27]:[333,333,333]:[9,9,9]/[0,0,0]:[0,0,0]/[41,75,41]/126075)
0 0 2 regions 1
0 0 2 0   ([-13.5,-175.5,-13.5]:[175.5,175.5,166.5]:[4.5,4.5,4.5]/[0,0,0]:[0,0,0]/[43,79,41]/139277)
0 0 3 regions 1
0 0 3 0   ([-6.75,-92.25,-6.75]:[92.25,92.25,83.25]:[2.25,2.25,2.25]/[0,0,0]:[0,0,0]/[45,83,41]/153135)
0 0 4 regions 1
0 0 4 0   ([-3.375,-52.875,-3.375]:[55.125,52.875,43.875]:[1.125,1.125,1.125]/[0,0,0]:[0,0,0]/[53,95,43]/216505)
0 0 5 regions 2
0 0 5 0   ([-1.6875,-34.3125,-1.6875]:[14.0625,-16.875,25.3125]:[0.5625,0.5625,0.5625]/[0,0,0]:[0,0,0]/[29,32,49]/45472)
0 0 5 1   ([-1.6875,-16.3125,-1.6875]:[36.5625,34.3125,25.3125]:[0.5625,0.5625,0.5625]/[0,0,0]:[0,0,0]/[69,91,49]/307671)
0 0 6 regions 2
0 0 6 0   ([-0.84375,-25.03125,-0.84375]:[4.21875,-6.75,15.46875]:[0.28125,0.28125,0.28125]/[0,0,0]:[0,0,0]/[19,66,59]/73986)
0 0 6 1   ([-0.84375,-6.46875,-0.84375]:[26.71875,25.03125,15.46875]:[0.28125,0.28125,0.28125]/[0,0,0]:[0,0,0]/[99,113,59]/660033)

iteration 3697
maps 1
0 mglevels 1
0 0 reflevels 7
0 0 0 regions 1
0 0 0 0   ([-54,-432,-54]:[432,432,432]:[18,18,18]/[0,0,0]:[0,0,0]/[28,49,28]/38416)
0 0 1 regions 1
0 0 1 0   ([-27,-333,-27]:[333,333,333]:[9,9,9]/[0,0,0]:[0,0,0]/[41,75,41]/126075)
0 0 2 regions 1
0 0 2 0   ([-13.5,-175.5,-13.5]:[175.5,175.5,166.5]:[4.5,4.5,4.5]/[0,0,0]:[0,0,0]/[43,79,41]/139277)
0 0 3 regions 1
0 0 3 0   ([-6.75,-92.25,-6.75]:[92.25,92.25,83.25]:[2.25,2.25,2.25]/[0,0,0]:[0,0,0]/[45,83,41]/153135)
0 0 4 regions 1
0 0 4 0   ([-3.375,-52.875,-3.375]:[55.125,52.875,43.875]:[1.125,1.125,1.125]/[0,0,0]:[0,0,0]/[53,95,43]/216505)
0 0 5 regions 2
0 0 5 0   ([-1.6875,-34.3125,-1.6875]:[14.0625,-15.75,25.3125]:[0.5625,0.5625,0.5625]/[0,0,0]:[0,0,0]/[29,34,49]/48314)
0 0 5 1   ([-1.6875,-15.1875,-1.6875]:[36.5625,34.3125,25.3125]:[0.5625,0.5625,0.5625]/[0,0,0]:[0,0,0]/[69,89,49]/300909)
0 0 6 regions 2
0 0 6 0   ([-0.84375,-25.03125,-0.84375]:[4.21875,-6.1875,15.46875]:[0.28125,0.28125,0.28125]/[0,0,0]:[0,0,0]/[19,68,59]/76228)
0 0 6 1   ([-0.84375,-5.90625,-0.84375]:[26.71875,25.03125,15.46875]:[0.28125,0.28125,0.28125]/[0,0,0]:[0,0,0]/[99,111,59]/648351)

iteration 3717
maps 1
0 mglevels 1
0 0 reflevels 7
0 0 0 regions 1
0 0 0 0   ([-54,-432,-54]:[432,432,432]:[18,18,18]/[0,0,0]:[0,0,0]/[28,49,28]/38416)
0 0 1 regions 1
0 0 1 0   ([-27,-333,-27]:[333,333,333]:[9,9,9]/[0,0,0]:[0,0,0]/[41,75,41]/126075)
0 0 2 regions 1
0 0 2 0   ([-13.5,-175.5,-13.5]:[175.5,175.5,166.5]:[4.5,4.5,4.5]/[0,0,0]:[0,0,0]/[43,79,41]/139277)
0 0 3 regions 1
0 0 3 0   ([-6.75,-92.25,-6.75]:[92.25,92.25,83.25]:[2.25,2.25,2.25]/[0,0,0]:[0,0,0]/[45,83,41]/153135)
0 0 4 regions 1
0 0 4 0   ([-3.375,-52.875,-3.375]:[55.125,52.875,43.875]:[1.125,1.125,1.125]/[0,0,0]:[0,0,0]/[53,95,43]/216505)
0 0 5 regions 2
0 0 5 0   ([-1.6875,-34.3125,-1.6875]:[14.0625,-15.75,25.3125]:[0.5625,0.5625,0.5625]/[0,0,0]:[0,0,0]/[29,34,49]/48314)
0 0 5 1   ([-1.6875,-15.1875,-1.6875]:[36.5625,34.3125,25.3125]:[0.5625,0.5625,0.5625]/[0,0,0]:[0,0,0]/[69,89,49]/300909)
0 0 6 regions 2
0 0 6 0   ([-0.84375,-25.03125,-0.84375]:[4.21875,-6.1875,15.46875]:[0.28125,0.28125,0.28125]/[0,0,0]:[0,0,0]/[19,68,59]/76228)
0 0 6 1   ([-0.84375,-5.90625,-0.84375]:[26.71875,25.03125,15.46875]:[0.28125,0.28125,0.28125]/[0,0,0]:[0,0,0]/[99,111,59]/648351)

iteration 3833
maps 1
0 mglevels 1
0 0 reflevels 7
0 0 0 regions 1
0 0 0 0   ([-54,-432,-54]:[432,432,432]:[18,18,18]/[0,0,0]:[0,0,0]/[28,49,28]/38416)
0 0 1 regions 1
0 0 1 0   ([-27,-333,-27]:[333,333,333]:[9,9,9]/[0,0,0]:[0,0,0]/[41,75,41]/126075)
0 0 2 regions 1
0 0 2 0   ([-13.5,-175.5,-13.5]:[175.5,175.5,166.5]:[4.5,4.5,4.5]/[0,0,0]:[0,0,0]/[43,79,41]/139277)
0 0 3 regions 1
0 0 3 0   ([-6.75,-92.25,-6.75]:[92.25,92.25,83.25]:[2.25,2.25,2.25]/[0,0,0]:[0,0,0]/[45,83,41]/153135)
0 0 4 regions 1
0 0 4 0   ([-3.375,-52.875,-3.375]:[55.125,52.875,43.875]:[1.125,1.125,1.125]/[0,0,0]:[0,0,0]/[53,95,43]/216505)
0 0 5 regions 2
0 0 5 0   ([-1.6875,-34.3125,-1.6875]:[14.0625,-15.75,25.3125]:[0.5625,0.5625,0.5625]/[0,0,0]:[0,0,0]/[29,34,49]/48314)
0 0 5 1   ([-1.6875,-15.1875,-1.6875]:[36.5625,34.3125,25.3125]:[0.5625,0.5625,0.5625]/[0,0,0]:[0,0,0]/[69,89,49]/300909)
0 0 6 regions 2
0 0 6 0   ([-0.84375,-25.03125,-0.84375]:[4.78125,-6.1875,15.46875]:[0.28125,0.28125,0.28125]/[0,0,0]:[0,0,0]/[21,68,59]/84252)
0 0 6 1   ([-0.84375,-5.90625,-0.84375]:[26.15625,25.03125,15.46875]:[0.28125,0.28125,0.28125]/[0,0,0]:[0,0,0]/[97,111,59]/635253)

iteration 3837
maps 1
0 mglevels 1
0 0 reflevels 7
0 0 0 regions 1
0 0 0 0   ([-54,-432,-54]:[432,432,432]:[18,18,18]/[0,0,0]:[0,0,0]/[28,49,28]/38416)
0 0 1 regions 1
0 0 1 0   ([-27,-333,-27]:[333,333,333]:[9,9,9]/[0,0,0]:[0,0,0]/[41,75,41]/126075)
0 0 2 regions 1
0 0 2 0   ([-13.5,-175.5,-13.5]:[175.5,175.5,166.5]:[4.5,4.5,4.5]/[0,0,0]:[0,0,0]/[43,79,41]/139277)
0 0 3 regions 1
0 0 3 0   ([-6.75,-92.25,-6.75]:[92.25,92.25,83.25]:[2.25,2.25,2.25]/[0,0,0]:[0,0,0]/[45,83,41]/153135)
0 0 4 regions 1
0 0 4 0   ([-3.375,-52.875,-3.375]:[55.125,52.875,43.875]:[1.125,1.125,1.125]/[0,0,0]:[0,0,0]/[53,95,43]/216505)
0 0 5 regions 2
0 0 5 0   ([-1.6875,-34.3125,-1.6875]:[14.0625,-15.75,25.3125]:[0.5625,0.5625,0.5625]/[0,0,0]:[0,0,0]/[29,34,49]/48314)
0 0 5 1   ([-1.6875,-15.1875,-1.6875]:[36.5625,34.3125,25.3125]:[0.5625,0.5625,0.5625]/[0,0,0]:[0,0,0]/[69,89,49]/300909)
0 0 6 regions 2
0 0 6 0   ([-0.84375,-25.03125,-0.84375]:[4.78125,-6.1875,15.46875]:[0.28125,0.28125,0.28125]/[0,0,0]:[0,0,0]/[21,68,59]/84252)
0 0 6 1   ([-0.84375,-5.90625,-0.84375]:[26.15625,25.03125,15.46875]:[0.28125,0.28125,0.28125]/[0,0,0]:[0,0,0]/[97,111,59]/635253)

iteration 3969
maps 1
0 mglevels 1
0 0 reflevels 7
0 0 0 regions 1
0 0 0 0   ([-54,-432,-54]:[432,432,432]:[18,18,18]/[0,0,0]:[0,0,0]/[28,49,28]/38416)
0 0 1 regions 1
0 0 1 0   ([-27,-333,-27]:[333,333,333]:[9,9,9]/[0,0,0]:[0,0,0]/[41,75,41]/126075)
0 0 2 regions 1
0 0 2 0   ([-13.5,-175.5,-13.5]:[175.5,175.5,166.5]:[4.5,4.5,4.5]/[0,0,0]:[0,0,0]/[43,79,41]/139277)
0 0 3 regions 1
0 0 3 0   ([-6.75,-92.25,-6.75]:[92.25,92.25,83.25]:[2.25,2.25,2.25]/[0,0,0]:[0,0,0]/[45,83,41]/153135)
0 0 4 regions 1
0 0 4 0   ([-3.375,-55.125,-3.375]:[55.125,55.125,43.875]:[1.125,1.125,1.125]/[0,0,0]:[0,0,0]/[53,99,43]/225621)
0 0 5 regions 2
0 0 5 0   ([-1.6875,-35.4375,-1.6875]:[14.0625,-15.75,25.3125]:[0.5625,0.5625,0.5625]/[0,0,0]:[0,0,0]/[29,36,49]/51156)
0 0 5 1   ([-1.6875,-15.1875,-1.6875]:[35.4375,35.4375,25.3125]:[0.5625,0.5625,0.5625]/[0,0,0]:[0,0,0]/[67,91,49]/298753)
0 0 6 regions 2
0 0 6 0   ([-0.84375,-25.59375,-0.84375]:[4.78125,-5.625,15.46875]:[0.28125,0.28125,0.28125]/[0,0,0]:[0,0,0]/[21,72,59]/89208)
0 0 6 1   ([-0.84375,-5.34375,-0.84375]:[26.15625,25.59375,15.46875]:[0.28125,0.28125,0.28125]/[0,0,0]:[0,0,0]/[97,111,59]/635253)

iteration 3973
maps 1
0 mglevels 1
0 0 reflevels 7
0 0 0 regions 1
0 0 0 0   ([-54,-432,-54]:[432,432,432]:[18,18,18]/[0,0,0]:[0,0,0]/[28,49,28]/38416)
0 0 1 regions 1
0 0 1 0   ([-27,-333,-27]:[333,333,333]:[9,9,9]/[0,0,0]:[0,0,0]/[41,75,41]/126075)
0 0 2 regions 1
0 0 2 0   ([-13.5,-175.5,-13.5]:[175.5,175.5,166.5]:[4.5,4.5,4.5]/[0,0,0]:[0,0,0]/[43,79,41]/139277)
0 0 3 regions 1
0 0 3 0   ([-6.75,-92.25,-6.75]:[92.25,92.25,83.25]:[2.25,2.25,2.25]/[0,0,0]:[0,0,0]/[45,83,41]/153135)
0 0 4 regions 1
0 0 4 0   ([-3.375,-55.125,-3.375]:[55.125,55.125,43.875]:[1.125,1.125,1.125]/[0,0,0]:[0,0,0]/[53,99,43]/225621)
0 0 5 regions 2
0 0 5 0   ([-1.6875,-35.4375,-1.6875]:[14.0625,-15.75,25.3125]:[0.5625,0.5625,0.5625]/[0,0,0]:[0,0,0]/[29,36,49]/51156)
0 0 5 1   ([-1.6875,-15.1875,-1.6875]:[35.4375,35.4375,25.3125]:[0.5625,0.5625,0.5625]/[0,0,0]:[0,0,0]/[67,91,49]/298753)
0 0 6 regions 2
0 0 6 0   ([-0.84375,-25.59375,-0.84375]:[4.78125,-5.625,15.46875]:[0.28125,0.28125,0.28125]/[0,0,0]:[0,0,0]/[21,72,59]/89208)
0 0 6 1   ([-0.84375,-5.34375,-0.84375]:[26.15625,25.59375,15.46875]:[0.28125,0.28125,0.28125]/[0,0,0]:[0,0,0]/[97,111,59]/635253)

iteration 4089
maps 1
0 mglevels 1
0 0 reflevels 7
0 0 0 regions 1
0 0 0 0   ([-54,-432,-54]:[432,432,432]:[18,18,18]/[0,0,0]:[0,0,0]/[28,49,28]/38416)
0 0 1 regions 1
0 0 1 0   ([-27,-333,-27]:[333,333,333]:[9,9,9]/[0,0,0]:[0,0,0]/[41,75,41]/126075)
0 0 2 regions 1
0 0 2 0   ([-13.5,-175.5,-13.5]:[175.5,175.5,166.5]:[4.5,4.5,4.5]/[0,0,0]:[0,0,0]/[43,79,41]/139277)
0 0 3 regions 1
0 0 3 0   ([-6.75,-92.25,-6.75]:[92.25,92.25,83.25]:[2.25,2.25,2.25]/[0,0,0]:[0,0,0]/[45,83,41]/153135)
0 0 4 regions 1
0 0 4 0   ([-3.375,-55.125,-3.375]:[55.125,55.125,43.875]:[1.125,1.125,1.125]/[0,0,0]:[0,0,0]/[53,99,43]/225621)
0 0 5 regions 2
0 0 5 0   ([-1.6875,-35.4375,-1.6875]:[14.0625,-15.75,25.3125]:[0.5625,0.5625,0.5625]/[0,0,0]:[0,0,0]/[29,36,49]/51156)
0 0 5 1   ([-1.6875,-15.1875,-1.6875]:[35.4375,35.4375,25.3125]:[0.5625,0.5625,0.5625]/[0,0,0]:[0,0,0]/[67,91,49]/298753)
0 0 6 regions 2
0 0 6 0   ([-0.84375,-25.59375,-0.84375]:[5.34375,-5.625,15.46875]:[0.28125,0.28125,0.28125]/[0,0,0]:[0,0,0]/[23,72,59]/97704)
0 0 6 1   ([-0.84375,-5.34375,-0.84375]:[25.59375,25.59375,15.46875]:[0.28125,0.28125,0.28125]/[0,0,0]:[0,0,0]/[95,111,59]/622155)

iteration 4105
maps 1
0 mglevels 1
0 0 reflevels 7
0 0 0 regions 1
0 0 0 0   ([-54,-432,-54]:[432,432,432]:[18,18,18]/[0,0,0]:[0,0,0]/[28,49,28]/38416)
0 0 1 regions 1
0 0 1 0   ([-27,-333,-27]:[333,333,333]:[9,9,9]/[0,0,0]:[0,0,0]/[41,75,41]/126075)
0 0 2 regions 1
0 0 2 0   ([-13.5,-175.5,-13.5]:[175.5,175.5,166.5]:[4.5,4.5,4.5]/[0,0,0]:[0,0,0]/[43,79,41]/139277)
0 0 3 regions 1
0 0 3 0   ([-6.75,-92.25,-6.75]:[92.25,92.25,83.25]:[2.25,2.25,2.25]/[0,0,0]:[0,0,0]/[45,83,41]/153135)
0 0 4 regions 1
0 0 4 0   ([-3.375,-55.125,-3.375]:[55.125,55.125,43.875]:[1.125,1.125,1.125]/[0,0,0]:[0,0,0]/[53,99,43]/225621)
0 0 5 regions 2
0 0 5 0   ([-1.6875,-35.4375,-1.6875]:[14.0625,-15.75,25.3125]:[0.5625,0.5625,0.5625]/[0,0,0]:[0,0,0]/[29,36,49]/51156)
0 0 5 1   ([-1.6875,-15.1875,-1.6875]:[35.4375,35.4375,25.3125]:[0.5625,0.5625,0.5625]/[0,0,0]:[0,0,0]/[67,91,49]/298753)
0 0 6 regions 2
0 0 6 0   ([-0.84375,-26.15625,-0.84375]:[5.34375,-5.625,15.46875]:[0.28125,0.28125,0.28125]/[0,0,0]:[0,0,0]/[23,74,59]/100418)
0 0 6 1   ([-0.84375,-5.34375,-0.84375]:[25.59375,26.15625,15.46875]:[0.28125,0.28125,0.28125]/[0,0,0]:[0,0,0]/[95,113,59]/633365)

iteration 4169
maps 1
0 mglevels 1
0 0 reflevels 7
0 0 0 regions 1
0 0 0 0   ([-54,-432,-54]:[432,432,432]:[18,18,18]/[0,0,0]:[0,0,0]/[28,49,28]/38416)
0 0 1 regions 1
0 0 1 0   ([-27,-333,-27]:[333,333,333]:[9,9,9]/[0,0,0]:[0,0,0]/[41,75,41]/126075)
0 0 2 regions 1
0 0 2 0   ([-13.5,-175.5,-13.5]:[175.5,175.5,166.5]:[4.5,4.5,4.5]/[0,0,0]:[0,0,0]/[43,79,41]/139277)
0 0 3 regions 1
0 0 3 0   ([-6.75,-92.25,-6.75]:[92.25,92.25,83.25]:[2.25,2.25,2.25]/[0,0,0]:[0,0,0]/[45,83,41]/153135)
0 0 4 regions 1
0 0 4 0   ([-3.375,-55.125,-3.375]:[55.125,55.125,43.875]:[1.125,1.125,1.125]/[0,0,0]:[0,0,0]/[53,99,43]/225621)
0 0 5 regions 2
0 0 5 0   ([-1.6875,-35.4375,-1.6875]:[14.0625,-15.75,25.3125]:[0.5625,0.5625,0.5625]/[0,0,0]:[0,0,0]/[29,36,49]/51156)
0 0 5 1   ([-1.6875,-15.1875,-1.6875]:[35.4375,35.4375,25.3125]:[0.5625,0.5625,0.5625]/[0,0,0]:[0,0,0]/[67,91,49]/298753)
0 0 6 regions 2
0 0 6 0   ([-0.84375,-26.15625,-0.84375]:[5.90625,-5.625,15.46875]:[0.28125,0.28125,0.28125]/[0,0,0]:[0,0,0]/[25,74,59]/109150)
0 0 6 1   ([-0.84375,-5.34375,-0.84375]:[25.59375,26.15625,15.46875]:[0.28125,0.28125,0.28125]/[0,0,0]:[0,0,0]/[95,113,59]/633365)

iteration 4229
maps 1
0 mglevels 1
0 0 reflevels 7
0 0 0 regions 1
0 0 0 0   ([-54,-432,-54]:[432,432,432]:[18,18,18]/[0,0,0]:[0,0,0]/[28,49,28]/38416)
0 0 1 regions 1
0 0 1 0   ([-27,-333,-27]:[333,333,333]:[9,9,9]/[0,0,0]:[0,0,0]/[41,75,41]/126075)
0 0 2 regions 1
0 0 2 0   ([-13.5,-175.5,-13.5]:[175.5,175.5,166.5]:[4.5,4.5,4.5]/[0,0,0]:[0,0,0]/[43,79,41]/139277)
0 0 3 regions 1
0 0 3 0   ([-6.75,-92.25,-6.75]:[92.25,92.25,83.25]:[2.25,2.25,2.25]/[0,0,0]:[0,0,0]/[45,83,41]/153135)
0 0 4 regions 1
0 0 4 0   ([-3.375,-55.125,-3.375]:[55.125,55.125,43.875]:[1.125,1.125,1.125]/[0,0,0]:[0,0,0]/[53,99,43]/225621)
0 0 5 regions 2
0 0 5 0   ([-1.6875,-35.4375,-1.6875]:[14.0625,-15.75,25.3125]:[0.5625,0.5625,0.5625]/[0,0,0]:[0,0,0]/[29,36,49]/51156)
0 0 5 1   ([-1.6875,-15.1875,-1.6875]:[35.4375,35.4375,25.3125]:[0.5625,0.5625,0.5625]/[0,0,0]:[0,0,0]/[67,91,49]/298753)
0 0 6 regions 2
0 0 6 0   ([-0.84375,-26.15625,-0.84375]:[5.90625,-5.625,15.46875]:[0.28125,0.28125,0.28125]/[0,0,0]:[0,0,0]/[25,74,59]/109150)
0 0 6 1   ([-0.84375,-5.34375,-0.84375]:[25.59375,26.15625,15.46875]:[0.28125,0.28125,0.28125]/[0,0,0]:[0,0,0]/[95,113,59]/633365)

